0	0	0	0.0134753	0	0.999909
1	1	0	0.018189	0	0.999835
1	0	1	0.018189	0	0.999835
0	1	1	0.0134753	0	0.999909
1	0	0	-0.018189	0	-0.999835
0	1	0	-0.0134753	0	-0.999909
0	0	1	-0.0134753	0	-0.999909
1	1	1	-0.018189	0	-0.999835
2	0	0	0.024551	0	0.999699
3	1	0	0.0331362	0	0.999451
3	0	1	0.0331362	0	0.999451
2	1	1	0.024551	0	0.999699
3	0	0	-0.0331362	0	-0.999451
2	1	0	-0.024551	0	-0.999699
2	0	1	-0.024551	0	-0.999699
3	1	1	-0.0331362	0	-0.999451
4	0	0	0.0447192	0	0.999
5	1	0	0.0603397	0	0.998178
5	0	1	0.0603397	0	0.998178
4	1	1	0.0447192	0	0.999
5	0	0	-0.0603397	0	-0.998178
4	1	0	-0.0447192	0	-0.999
4	0	1	-0.0447192	0	-0.999
5	1	1	-0.0603397	0	-0.998178
6	0	0	0.0813892	0	0.996682
7	1	0	0.109714	0	0.993963
7	0	1	0.109714	0	0.993963
6	1	1	0.0813892	0	0.996682
7	0	0	-0.109714	0	-0.993963
6	1	0	-0.0813892	0	-0.996682
6	0	1	-0.0813892	0	-0.996682
7	1	1	-0.109714	0	-0.993963
8	0	0	0.147732	0	0.989027
9	1	0	0.198522	0	0.980096
9	0	1	0.198522	0	0.980096
8	1	1	0.147732	0	0.989027
9	0	0	-0.198522	0	-0.980096
8	1	0	-0.147732	0	-0.989027
8	0	1	-0.147732	0	-0.989027
9	1	1	-0.198522	0	-0.980096
10	0	0	0.265802	0	0.964028
11	1	0	0.353567	0	0.935409
11	0	1	0.353567	0	0.935409
10	1	1	0.265802	0	0.964028
11	0	0	-0.353567	0	-0.935409
10	1	0	-0.265802	0	-0.964028
10	0	1	-0.265802	0	-0.964028
11	1	1	-0.353567	0	-0.935409
12	0	0	0.464922	0	0.885352
13	1	0	0.599334	0	0.800499
13	0	1	0.599334	0	0.800499
12	1	1	0.464922	0	0.885352
13	0	0	-0.599334	0	-0.800499
12	1	0	-0.464922	0	-0.885352
12	0	1	-0.464922	0	-0.885352
13	1	1	-0.599334	0	-0.800499
14	0	0	0.7477	0	0.664037
15	1	0	0.886819	0	0.462117
15	0	1	0.886819	0	0.462117
14	1	1	0.7477	0	0.664037
15	0	0	-0.886819	0	-0.462117
14	1	0	-0.7477	0	-0.664037
14	0	1	-0.7477	0	-0.664037
15	1	1	-0.886819	0	-0.462117
16	0	0	0.980328	0	0.197375
17	1	0	0.995021	0	-0.099668
17	0	1	0.995021	0	-0.099668
16	1	1	0.980328	0	0.197375
17	0	0	-0.995021	0	0.099668
16	1	0	-0.980328	0	-0.197375
16	0	1	-0.980328	0	-0.197375
17	1	1	-0.995021	0	0.099668
18	0	0	0.925007	0	-0.379949
19	1	0	0.796705	0	-0.604368
19	0	1	0.796705	0	-0.604368
18	1	1	0.925007	0	-0.379949
19	0	0	-0.796705	0	0.604368
18	1	0	-0.925007	0	0.379949
18	0	1	-0.925007	0	0.379949
19	1	1	-0.796705	0	0.604368
20	0	0	0.648054	0	-0.761594
21	1	0	0.507379	0	-0.861723
21	0	1	0.507379	0	-0.861723
20	1	1	0.648054	0	-0.761594
21	0	0	-0.507379	0	0.861723
20	1	0	-0.648054	0	0.761594
20	0	1	-0.648054	0	0.761594
21	1	1	-0.507379	0	0.861723
22	0	0	0.387978	0	-0.921669
23	1	0	0.292592	0	-0.956237
23	0	1	0.292592	0	-0.956237
22	1	1	0.387978	0	-0.921669
23	0	0	-0.292592	0	0.956237
22	1	0	-0.387978	0	0.921669
22	0	1	-0.387978	0	0.921669
23	1	1	-0.292592	0	0.956237
24	0	0	0.218919	0	-0.975743
25	1	0	0.163071	0	-0.986614
25	0	1	0.163071	0	-0.986614
24	1	1	0.218919	0	-0.975743
25	0	0	-0.163071	0	0.986614
24	1	0	-0.218919	0	0.975743
24	0	1	-0.218919	0	0.975743
25	1	1	-0.163071	0	0.986614
26	0	0	0.121172	0	-0.992632
27	1	0	0.0899159	0	-0.995949
27	0	1	0.0899159	0	-0.995949
26	1	1	0.121172	0	-0.992632
27	0	0	-0.0899159	0	0.995949
26	1	0	-0.121172	0	0.992632
26	0	1	-0.121172	0	0.992632
27	1	1	-0.0899159	0	0.995949
28	0	0	0.0666723	0	-0.997775
29	1	0	0.0494168	0	-0.998778
29	0	1	0.0494168	0	-0.998778
28	1	1	0.0666723	0	-0.997775
29	0	0	-0.0494168	0	0.998778
28	1	0	-0.0666723	0	0.997775
28	0	1	-0.0666723	0	0.997775
29	1	1	-0.0494168	0	0.998778
30	0	0	0.036619	0	-0.999329
31	1	0	0.0271321	0	-0.999632
31	0	1	0.0271321	0	-0.999632
30	1	1	0.036619	0	-0.999329
31	0	0	-0.0271321	0	0.999632
30	1	0	-0.036619	0	0.999329
30	0	1	-0.036619	0	0.999329
31	1	1	-0.0271321	0	0.999632
32	0	0	0.0201016	0	-0.999798
33	1	0	0.0148923	0	-0.999889
33	0	1	0.0148923	0	-0.999889
32	1	1	0.0201016	0	-0.999798
33	0	0	-0.0148923	0	0.999889
32	1	0	-0.0201016	0	0.999798
32	0	1	-0.0201016	0	0.999798
33	1	1	-0.0148923	0	0.999889
34	0	0	0.0110328	0	-0.999939
35	1	0	0.00817341	0	-0.999967
35	0	1	0.00817341	0	-0.999967
34	1	1	0.0110328	0	-0.999939
35	0	0	-0.00817341	0	0.999967
34	1	0	-0.0110328	0	0.999939
34	0	1	-0.0110328	0	0.999939
35	1	1	-0.00817341	0	0.999967
36	0	0	0.00605505	0	-0.999982
37	1	0	0.00448571	0	-0.99999
37	0	1	0.00448571	0	-0.99999
36	1	1	0.00605505	0	-0.999982
37	0	0	-0.00448571	0	0.99999
36	1	0	-0.00605505	0	0.999982
36	0	1	-0.00605505	0	0.999982
37	1	1	-0.00448571	0	0.99999
38	0	0	0.00332311	0	-0.999994
39	1	0	0.00246182	0	-0.999997
39	0	1	0.00246182	0	-0.999997
38	1	1	0.00332311	0	-0.999994
39	0	0	-0.00246182	0	0.999997
38	1	0	-0.00332311	0	0.999994
38	0	1	-0.00332311	0	0.999994
39	1	1	-0.00246182	0	0.999997
40	0	0	0.00182376	0	-0.999998
41	1	0	0.00135108	0	-0.999999
41	0	1	0.00135108	0	-0.999999
40	1	1	0.00182376	0	-0.999998
41	0	0	-0.00135108	0	0.999999
40	1	0	-0.00182376	0	0.999998
40	0	1	-0.00182376	0	0.999998
41	1	1	-0.00135108	0	0.999999
42	0	0	0.0010009	0	-0.999999
43	1	0	0.000741487	0	-1
43	0	1	0.000741487	0	-1
42	1	1	0.0010009	0	-0.999999
43	0	0	-0.000741487	0	1
42	1	0	-0.0010009	0	0.999999
42	0	1	-0.0010009	0	0.999999
43	1	1	-0.000741487	0	1
44	0	0	0.000549307	0	-1
45	1	0	0.000406937	0	-1
45	0	1	0.000406937	0	-1
44	1	1	0.000549307	0	-1
45	0	0	-0.000406937	0	1
44	1	0	-0.000549307	0	1
44	0	1	-0.000549307	0	1
45	1	1	-0.000406937	0	1
46	0	0	0.000301466	0	-1
47	1	0	0.000223332	0	-1
47	0	1	0.000223332	0	-1
46	1	1	0.000301466	0	-1
47	0	0	-0.000223332	0	1
46	1	0	-0.000301466	0	1
46	0	1	-0.000301466	0	1
47	1	1	-0.000223332	0	1
48	0	0	0.000165448	0	-1
49	1	0	0.000122567	0	-1
49	0	1	0.000122567	0	-1
48	1	1	0.000165448	0	-1
49	0	0	-0.000122567	0	1
48	1	0	-0.000165448	0	1
48	0	1	-0.000165448	0	1
49	1	1	-0.000122567	0	1
50	0	0	9.07999e-05	0	-1
51	1	0	6.72662e-05	0	-1
51	0	1	6.72662e-05	0	-1
50	1	1	9.07999e-05	0	-1
51	0	0	-6.72662e-05	0	1
50	1	0	-9.07999e-05	0	1
50	0	1	-9.07999e-05	0	1
51	1	1	-6.72662e-05	0	1
52	0	0	4.9832e-05	0	-1
53	1	0	3.69165e-05	0	-1
53	0	1	3.69165e-05	0	-1
52	1	1	4.9832e-05	0	-1
53	0	0	-3.69165e-05	0	1
52	1	0	-4.9832e-05	0	1
52	0	1	-4.9832e-05	0	1
53	1	1	-3.69165e-05	0	1
54	0	0	2.73484e-05	0	-1
55	1	0	2.02602e-05	0	-1
55	0	1	2.02602e-05	0	-1
54	1	1	2.73484e-05	0	-1
55	0	0	-2.02602e-05	0	1
54	1	0	-2.73484e-05	0	1
54	0	1	-2.73484e-05	0	1
55	1	1	-2.02602e-05	0	1
56	0	0	1.50091e-05	0	-1
57	1	0	1.1119e-05	0	-1
57	0	1	1.1119e-05	0	-1
56	1	1	1.50091e-05	0	-1
57	0	0	-1.1119e-05	0	1
56	1	0	-1.50091e-05	0	1
56	0	1	-1.50091e-05	0	1
57	1	1	-1.1119e-05	0	1
58	0	0	8.23718e-06	0	-1
59	1	0	6.10226e-06	0	-1
59	0	1	6.10226e-06	0	-1
58	1	1	8.23718e-06	0	-1
59	0	0	-6.10226e-06	0	1
58	1	0	-8.23718e-06	0	1
58	0	1	-8.23718e-06	0	1
59	1	1	-6.10226e-06	0	1
60	0	0	4.52065e-06	0	-1
61	1	0	3.34898e-06	0	-1
61	0	1	3.34898e-06	0	-1
60	1	1	4.52065e-06	0	-1
61	0	0	-3.34898e-06	0	1
60	1	0	-4.52065e-06	0	1
60	0	1	-4.52065e-06	0	1
61	1	1	-3.34898e-06	0	1
62	0	0	2.48099e-06	0	-1
63	1	0	1.83798e-06	0	-1
63	0	1	1.83798e-06	0	-1
62	1	1	2.48099e-06	0	-1
63	0	0	-1.83798e-06	0	1
62	1	0	-2.48099e-06	0	1
62	0	1	-2.48099e-06	0	1
63	1	1	-1.83798e-06	0	1
64	0	0	1.36156e-06	0	-1
65	1	0	1.00867e-06	0	-1
65	0	1	1.00867e-06	0	-1
64	1	1	1.36156e-06	0	-1
65	0	0	-1.00867e-06	0	1
64	1	0	-1.36156e-06	0	1
64	0	1	-1.36156e-06	0	1
65	1	1	-1.00867e-06	0	1
66	0	0	7.4729e-07	0	-1
67	1	0	5.53554e-07	0	-1
67	0	1	5.53554e-07	0	-1
66	1	1	7.4729e-07	0	-1
67	0	0	-5.53554e-07	0	1
66	1	0	-7.4729e-07	0	1
66	0	1	-7.4729e-07	0	1
67	1	1	-5.53554e-07	0	1
68	0	0	4.09985e-07	0	-1
69	1	0	3.03925e-07	0	-1
69	0	1	3.03925e-07	0	-1
68	1	1	4.09985e-07	0	-1
69	0	0	-3.03925e-07	0	1
68	1	0	-4.09985e-07	0	1
68	0	1	-4.09985e-07	0	1
69	1	1	-3.03925e-07	0	1
70	0	0	2.25003e-07	0	-1
71	1	0	1.666e-07	0	-1
71	0	1	1.666e-07	0	-1
70	1	1	2.25003e-07	0	-1
71	0	0	-1.666e-07	0	1
70	1	0	-2.25003e-07	0	1
70	0	1	-2.25003e-07	0	1
71	1	1	-1.666e-07	0	1
72	0	0	1.23778e-07	0	-1
73	1	0	9.18569e-08	0	-1
73	0	1	9.18569e-08	0	-1
72	1	1	1.23778e-07	0	-1
73	0	0	-9.18569e-08	0	1
72	1	0	-1.23778e-07	0	1
72	0	1	-1.23778e-07	0	1
73	1	1	-9.18569e-08	0	1
74	0	0	6.82857e-08	0	-1
75	1	0	4.94216e-08	0	-1
75	0	1	4.94216e-08	0	-1
74	1	1	6.82857e-08	0	-1
75	0	0	-4.94216e-08	0	1
74	1	0	-6.82857e-08	0	1
74	0	1	-6.82857e-08	0	1
75	1	1	-4.94216e-08	0	1
76	0	0	3.65002e-08	0	-1
77	1	0	2.58096e-08	0	-1
77	0	1	2.58096e-08	0	-1
76	1	1	3.65002e-08	0	-1
77	0	0	-2.58096e-08	0	1
76	1	0	-3.65002e-08	0	1
76	0	1	-3.65002e-08	0	1
77	1	1	-2.58096e-08	0	1
78	0	0	2.10734e-08	0	-1
79	1	0	1.49012e-08	0	-1
79	0	1	1.49012e-08	0	-1
78	1	1	2.10734e-08	0	-1
79	0	0	-1.49012e-08	0	1
78	1	0	-2.10734e-08	0	1
78	0	1	-2.10734e-08	0	1
79	1	1	-1.49012e-08	0	1
80	0	0	1.49012e-08	0	-1
81	1	0	0	0	-1
81	0	1	0	0	-1
80	1	1	1.49012e-08	0	-1
81	0	0	-0	0	1
80	1	0	-1.49012e-08	0	1
80	0	1	-1.49012e-08	0	1
81	1	1	-0	0	1
82	0	0	0	0	-1
83	1	0	0	0	-1
83	0	1	0	0	-1
82	1	1	0	0	-1
83	0	0	-0	0	1
82	1	0	-0	0	1
82	0	1	-0	0	1
83	1	1	-0	0	1
84	0	0	0	0	-1
85	1	0	0	0	-1
85	0	1	0	0	-1
84	1	1	0	0	-1
85	0	0	-0	0	1
84	1	0	-0	0	1
84	0	1	-0	0	1
85	1	1	-0	0	1
86	0	0	0	0	-1
87	1	0	0	0	-1
87	0	1	0	0	-1
86	1	1	0	0	-1
87	0	0	-0	0	1
86	1	0	-0	0	1
86	0	1	-0	0	1
87	1	1	-0	0	1
88	0	0	0	0	-1
89	1	0	0	0	-1
89	0	1	0	0	-1
88	1	1	0	0	-1
89	0	0	-0	0	1
88	1	0	-0	0	1
88	0	1	-0	0	1
89	1	1	-0	0	1
90	0	0	0	0	-1
91	1	0	0	0	-1
91	0	1	0	0	-1
90	1	1	0	0	-1
91	0	0	-0	0	1
90	1	0	-0	0	1
90	0	1	-0	0	1
91	1	1	-0	0	1
92	0	0	0	0	-1
93	1	0	0	0	-1
93	0	1	0	0	-1
92	1	1	0	0	-1
93	0	0	-0	0	1
92	1	0	-0	0	1
92	0	1	-0	0	1
93	1	1	-0	0	1
94	0	0	0	0	-1
95	1	0	0	0	-1
95	0	1	0	0	-1
94	1	1	0	0	-1
95	0	0	-0	0	1
94	1	0	-0	0	1
94	0	1	-0	0	1
95	1	1	-0	0	1
96	0	0	0	0	-1
97	1	0	0	0	-1
97	0	1	0	0	-1
96	1	1	0	0	-1
97	0	0	-0	0	1
96	1	0	-0	0	1
96	0	1	-0	0	1
97	1	1	-0	0	1
98	0	0	0	0	-1
99	1	0	0	0	-1
99	0	1	0	0	-1
98	1	1	0	0	-1
99	0	0	-0	0	1
98	1	0	-0	0	1
98	0	1	-0	0	1
99	1	1	-0	0	1
