562 1
0 0 0 -1 1 0 -6.70277e-21 8.33006e-24 1.03981e-21 8.33006e-24 -6.72883e-21 -6.03072e-22 -1.03981e-21 6.03072e-22 -6.72276e-21
0 0 0 -1 -1 0 -6.70277e-21 -8.33006e-24 1.03981e-21 -8.33006e-24 -6.72883e-21 6.03072e-22 -1.03981e-21 -6.03072e-22 -6.72276e-21
0 0 0 1 1 0 -6.70277e-21 -8.33006e-24 -1.03981e-21 -8.33006e-24 -6.72883e-21 -6.03072e-22 1.03981e-21 6.03072e-22 -6.72276e-21
0 0 0 1 -1 0 -6.70277e-21 8.33006e-24 -1.03981e-21 8.33006e-24 -6.72883e-21 6.03072e-22 1.03981e-21 -6.03072e-22 -6.72276e-21
0 0 0 0 2 0 2.38002e-21 -3.61694e-37 -3.96381e-37 7.9508e-38 2.12959e-21 6.71908e-22 3.34332e-37 -6.71908e-22 2.07537e-21
0 0 0 0 -2 0 2.38002e-21 1.43157e-37 3.33413e-37 -3.95362e-37 2.12959e-21 -6.71908e-22 -4.14893e-37 6.71908e-22 2.07537e-21
0 0 0 -2 0 0 6.15828e-22 8.17861e-38 -1.92136e-22 -1.89922e-37 6.08207e-22 -3.15332e-37 1.92136e-22 2.39806e-37 5.93683e-22
0 0 0 2 0 0 6.15828e-22 -2.02727e-37 1.92136e-22 8.88049e-38 6.08207e-22 2.42168e-37 -1.92136e-22 -2.99787e-37 5.93683e-22
0 0 0 -1 3 0 -9.91184e-22 -8.06256e-24 -2.12904e-23 -8.06256e-24 -9.7055e-22 -3.66296e-23 2.12904e-23 3.66296e-23 -9.83271e-22
0 0 0 1 3 0 -9.91184e-22 8.06256e-24 2.12904e-23 8.06256e-24 -9.7055e-22 -3.66296e-23 -2.12904e-23 3.66296e-23 -9.83271e-22
0 0 0 -1 -3 0 -9.91184e-22 8.06256e-24 -2.12904e-23 8.06256e-24 -9.7055e-22 3.66296e-23 2.12904e-23 -3.66296e-23 -9.83271e-22
0 0 0 1 -3 0 -9.91184e-22 -8.06256e-24 2.12904e-23 -8.06256e-24 -9.7055e-22 3.66296e-23 -2.12904e-23 -3.66296e-23 -9.83271e-22
0 0 0 -2 2 0 1.38701e-22 -2.46792e-23 7.70598e-23 -2.46792e-23 1.35769e-22 -1.56248e-23 -7.70598e-23 1.56248e-23 1.495e-22
0 0 0 -2 -2 0 1.38701e-22 2.46792e-23 7.70598e-23 2.46792e-23 1.35769e-22 1.56248e-23 -7.70598e-23 -1.56248e-23 1.495e-22
0 0 0 2 2 0 1.38701e-22 2.46792e-23 -7.70598e-23 2.46792e-23 1.35769e-22 -1.56248e-23 7.70598e-23 1.56248e-23 1.495e-22
0 0 0 2 -2 0 1.38701e-22 -2.46792e-23 -7.70598e-23 -2.46792e-23 1.35769e-22 1.56248e-23 7.70598e-23 -1.56248e-23 1.495e-22
0 0 0 0 4 0 -6.0435e-22 -1.86101e-37 -5.88508e-38 1.42593e-37 -5.61064e-22 -2.67767e-22 4.35715e-38 2.67767e-22 -5.60091e-22
0 0 0 0 -4 0 -6.0435e-22 1.33109e-37 3.84534e-38 -1.80502e-37 -5.61064e-22 2.67767e-22 -5.89827e-38 -2.67767e-22 -5.60091e-22
0 0 0 -3 1 0 4.90532e-24 -1.57973e-25 3.88949e-23 -1.57973e-25 4.55051e-24 3.60627e-24 -3.88949e-23 -3.60627e-24 1.59246e-23
0 0 0 -3 -1 0 4.90532e-24 1.57973e-25 3.88949e-23 1.57973e-25 4.55051e-24 -3.60627e-24 -3.88949e-23 3.60627e-24 1.59246e-23
0 0 0 3 1 0 4.90532e-24 1.57973e-25 -3.88949e-23 1.57973e-25 4.55051e-24 3.60627e-24 3.88949e-23 -3.60627e-24 1.59246e-23
0 0 0 3 -1 0 4.90532e-24 -1.57973e-25 -3.88949e-23 -1.57973e-25 4.55051e-24 -3.60627e-24 3.88949e-23 3.60627e-24 1.59246e-23
0 0 0 -2 4 0 1.46436e-23 -4.58507e-24 2.26301e-23 -4.58507e-24 3.9042e-23 -5.71622e-23 -2.26301e-23 5.71622e-23 4.29705e-23
0 0 0 2 4 0 1.46436e-23 4.58507e-24 -2.26301e-23 4.58507e-24 3.9042e-23 -5.71622e-23 2.26301e-23 5.71622e-23 4.29705e-23
0 0 0 -2 -4 0 1.46436e-23 4.58507e-24 2.26301e-23 4.58507e-24 3.9042e-23 5.71622e-23 -2.26301e-23 -5.71622e-23 4.29705e-23
0 0 0 2 -4 0 1.46436e-23 -4.58507e-24 -2.26301e-23 -4.58507e-24 3.9042e-23 5.71622e-23 2.26301e-23 -5.71622e-23 4.29705e-23
0 0 0 -3 3 0 1.55225e-22 8.65524e-24 2.51888e-23 8.65524e-24 1.44368e-22 1.15872e-23 -2.51888e-23 -1.15872e-23 1.48717e-22
0 0 0 -3 -3 0 1.55225e-22 -8.65524e-24 2.51888e-23 -8.65524e-24 1.44368e-22 -1.15872e-23 -2.51888e-23 1.15872e-23 1.48717e-22
0 0 0 3 3 0 1.55225e-22 -8.65524e-24 -2.51888e-23 -8.65524e-24 1.44368e-22 1.15872e-23 2.51888e-23 -1.15872e-23 1.48717e-22
0 0 0 3 -3 0 1.55225e-22 8.65524e-24 -2.51888e-23 8.65524e-24 1.44368e-22 -1.15872e-23 2.51888e-23 1.15872e-23 1.48717e-22
0 0 0 -1 5 0 1.4241e-23 -5.04497e-24 9.96548e-24 -5.04497e-24 1.07413e-23 -2.03206e-23 -9.96548e-24 2.03206e-23 1.30163e-23
0 0 0 1 5 0 1.4241e-23 5.04497e-24 -9.96548e-24 5.04497e-24 1.07413e-23 -2.03206e-23 9.96548e-24 2.03206e-23 1.30163e-23
0 0 0 -1 -5 0 1.4241e-23 5.04497e-24 9.96548e-24 5.04497e-24 1.07413e-23 2.03206e-23 -9.96548e-24 -2.03206e-23 1.30163e-23
0 0 0 1 -5 0 1.4241e-23 -5.04497e-24 -9.96548e-24 -5.04497e-24 1.07413e-23 2.03206e-23 9.96548e-24 -2.03206e-23 1.30163e-23
0 0 0 -4 0 0 -1.86447e-23 1.05831e-38 -4.33362e-24 1.84081e-38 -1.79206e-23 -8.95958e-39 4.33362e-24 1.80613e-38 -1.5478e-23
0 0 0 4 0 0 -1.86447e-23 1.82261e-38 4.33362e-24 1.01126e-38 -1.79206e-23 1.83689e-38 -4.33362e-24 -1.03123e-38 -1.5478e-23
0 0 0 -4 2 0 -1.48416e-23 3.74226e-24 -3.54412e-24 3.74226e-24 -8.24091e-24 1.10061e-23 3.54412e-24 -1.10061e-23 -7.41377e-24
0 0 0 -4 -2 0 -1.48416e-23 -3.74226e-24 -3.54412e-24 -3.74226e-24 -8.24091e-24 -1.10061e-23 3.54412e-24 1.10061e-23 -7.41377e-24
0 0 0 4 2 0 -1.48416e-23 -3.74226e-24 3.54412e-24 -3.74226e-24 -8.24091e-24 1.10061e-23 -3.54412e-24 -1.10061e-23 -7.41377e-24
0 0 0 4 -2 0 -1.48416e-23 3.74226e-24 3.54412e-24 3.74226e-24 -8.24091e-24 -1.10061e-23 -3.54412e-24 1.10061e-23 -7.41377e-24
0 0 0 0 6 0 -1.15792e-22 -2.3769e-38 -1.80145e-38 3.11324e-38 -9.81778e-23 5.92829e-24 1.67181e-38 -5.92829e-24 -9.92619e-23
0 0 0 0 -6 0 -1.15792e-22 3.10843e-38 1.56871e-38 -2.52674e-38 -9.81778e-23 -5.92829e-24 -1.94757e-38 5.92829e-24 -9.92619e-23
0 0 0 -3 5 0 -3.08429e-23 -2.31295e-24 -7.11223e-24 -2.31295e-24 -3.192e-23 -3.64881e-24 7.11223e-24 3.64881e-24 -3.28949e-23
0 0 0 3 5 0 -3.08429e-23 2.31295e-24 7.11223e-24 2.31295e-24 -3.192e-23 -3.64881e-24 -7.11223e-24 3.64881e-24 -3.28949e-23
0 0 0 -3 -5 0 -3.08429e-23 2.31295e-24 -7.11223e-24 2.31295e-24 -3.192e-23 3.64881e-24 7.11223e-24 -3.64881e-24 -3.28949e-23
0 0 0 3 -5 0 -3.08429e-23 -2.31295e-24 7.11223e-24 -2.31295e-24 -3.192e-23 3.64881e-24 -7.11223e-24 -3.64881e-24 -3.28949e-23
0 0 0 -2 6 0 4.17586e-23 1.96185e-24 -1.56111e-23 1.96185e-24 4.28366e-23 1.82795e-23 1.56111e-23 -1.82795e-23 4.33408e-23
0 0 0 2 6 0 4.17586e-23 -1.96185e-24 1.56111e-23 -1.96185e-24 4.28366e-23 1.82795e-23 -1.56111e-23 -1.82795e-23 4.33408e-23
0 0 0 -2 -6 0 4.17586e-23 -1.96185e-24 -1.56111e-23 -1.96185e-24 4.28366e-23 -1.82795e-23 1.56111e-23 1.82795e-23 4.33408e-23
0 0 0 2 -6 0 4.17586e-23 1.96185e-24 1.56111e-23 1.96185e-24 4.28366e-23 -1.82795e-23 -1.56111e-23 1.82795e-23 4.33408e-23
0 0 0 -4 4 0 -3.47263e-23 -5.22513e-24 -7.97516e-25 -5.22513e-24 -4.37524e-23 7.22079e-24 7.97516e-25 -7.22079e-24 -3.44359e-23
0 0 0 -4 -4 0 -3.47263e-23 5.22513e-24 -7.97516e-25 5.22513e-24 -4.37524e-23 -7.22079e-24 7.97516e-25 7.22079e-24 -3.44359e-23
0 0 0 4 4 0 -3.47263e-23 5.22513e-24 7.97516e-25 5.22513e-24 -4.37524e-23 7.22079e-24 -7.97516e-25 -7.22079e-24 -3.44359e-23
0 0 0 4 -4 0 -3.47263e-23 -5.22513e-24 7.97516e-25 -5.22513e-24 -4.37524e-23 -7.22079e-24 -7.97516e-25 7.22079e-24 -3.44359e-23
0 0 0 -5 1 0 1.00133e-23 1.53551e-24 8.9837e-25 1.53551e-24 9.28746e-24 1.90663e-24 -8.9837e-25 -1.90663e-24 1.1783e-23
0 0 0 -5 -1 0 1.00133e-23 -1.53551e-24 8.9837e-25 -1.53551e-24 9.28746e-24 -1.90663e-24 -8.9837e-25 1.90663e-24 1.1783e-23
0 0 0 5 1 0 1.00133e-23 -1.53551e-24 -8.9837e-25 -1.53551e-24 9.28746e-24 1.90663e-24 8.9837e-25 -1.90663e-24 1.1783e-23
0 0 0 5 -1 0 1.00133e-23 1.53551e-24 -8.9837e-25 1.53551e-24 9.28746e-24 -1.90663e-24 8.9837e-25 1.90663e-24 1.1783e-23
0 0 0 -1 7 0 -1.04412e-23 1.26927e-24 -7.96819e-24 1.26927e-24 -1.09044e-23 4.39912e-25 7.96819e-24 -4.39912e-25 -1.08391e-23
0 0 0 1 7 0 -1.04412e-23 -1.26927e-24 7.96819e-24 -1.26927e-24 -1.09044e-23 4.39912e-25 -7.96819e-24 -4.39912e-25 -1.08391e-23
0 0 0 -1 -7 0 -1.04412e-23 -1.26927e-24 -7.96819e-24 -1.26927e-24 -1.09044e-23 -4.39912e-25 7.96819e-24 4.39912e-25 -1.08391e-23
0 0 0 1 -7 0 -1.04412e-23 1.26927e-24 7.96819e-24 1.26927e-24 -1.09044e-23 -4.39912e-25 -7.96819e-24 4.39912e-25 -1.08391e-23
0 0 0 -5 3 0 -2.8705e-23 1.2686e-24 -6.09988e-24 1.2686e-24 -2.93382e-23 -7.19576e-24 6.09988e-24 7.19576e-24 -2.78793e-23
0 0 0 -5 -3 0 -2.8705e-23 -1.2686e-24 -6.09988e-24 -1.2686e-24 -2.93382e-23 7.19576e-24 6.09988e-24 -7.19576e-24 -2.78793e-23
0 0 0 5 3 0 -2.8705e-23 -1.2686e-24 6.09988e-24 -1.2686e-24 -2.93382e-23 -7.19576e-24 -6.09988e-24 7.19576e-24 -2.78793e-23
0 0 0 5 -3 0 -2.8705e-23 1.2686e-24 6.09988e-24 1.2686e-24 -2.93382e-23 7.19576e-24 -6.09988e-24 -7.19576e-24 -2.78793e-23
0 0 0 0 8 0 -2.01871e-23 -3.43821e-40 -1.71408e-39 8.81211e-39 -2.76914e-23 5.67782e-24 3.98266e-39 -5.67782e-24 -2.70993e-23
0 0 0 0 -8 0 -2.01871e-23 9.30464e-39 3.7691e-39 8.45203e-41 -2.76914e-23 -5.67782e-24 -1.83484e-39 5.67782e-24 -2.70993e-23
0 0 0 -3 7 0 -9.90172e-24 1.67512e-24 5.36989e-24 1.67512e-24 -1.23583e-23 1.16858e-24 -5.36989e-24 -1.16858e-24 -1.24486e-23
0 0 0 3 7 0 -9.90172e-24 -1.67512e-24 -5.36989e-24 -1.67512e-24 -1.23583e-23 1.16858e-24 5.36989e-24 -1.16858e-24 -1.24486e-23
0 0 0 -3 -7 0 -9.90172e-24 -1.67512e-24 5.36989e-24 -1.67512e-24 -1.23583e-23 -1.16858e-24 -5.36989e-24 1.16858e-24 -1.24486e-23
0 0 0 3 -7 0 -9.90172e-24 1.67512e-24 -5.36989e-24 1.67512e-24 -1.23583e-23 -1.16858e-24 5.36989e-24 1.16858e-24 -1.24486e-23
0 0 0 -4 6 0 1.03367e-23 2.87067e-24 6.97748e-24 2.87067e-24 6.07278e-24 -5.33539e-25 -6.97748e-24 5.33539e-25 7.88984e-24
0 0 0 4 6 0 1.03367e-23 -2.87067e-24 -6.97748e-24 -2.87067e-24 6.07278e-24 -5.33539e-25 6.97748e-24 5.33539e-25 7.88984e-24
0 0 0 -4 -6 0 1.03367e-23 -2.87067e-24 6.97748e-24 -2.87067e-24 6.07278e-24 5.33539e-25 -6.97748e-24 -5.33539e-25 7.88984e-24
0 0 0 4 -6 0 1.03367e-23 2.87067e-24 -6.97748e-24 2.87067e-24 6.07278e-24 5.33539e-25 6.97748e-24 -5.33539e-25 7.88984e-24
0 0 0 -6 0 0 1.0264e-23 4.18097e-39 -4.90863e-24 -1.82844e-38 6.4471e-24 -2.30204e-38 4.90863e-24 2.22903e-38 5.337e-24
0 0 0 6 0 0 1.0264e-23 -1.80011e-38 4.90863e-24 3.39687e-39 6.4471e-24 2.24631e-38 -4.90863e-24 -2.45488e-38 5.337e-24
0 0 0 -2 8 0 7.45352e-24 1.01518e-24 -1.86947e-24 1.01518e-24 3.13956e-24 5.6104e-24 1.86947e-24 -5.6104e-24 3.96132e-24
0 0 0 2 8 0 7.45352e-24 -1.01518e-24 1.86947e-24 -1.01518e-24 3.13956e-24 5.6104e-24 -1.86947e-24 -5.6104e-24 3.96132e-24
0 0 0 -2 -8 0 7.45352e-24 -1.01518e-24 -1.86947e-24 -1.01518e-24 3.13956e-24 -5.6104e-24 1.86947e-24 5.6104e-24 3.96132e-24
0 0 0 2 -8 0 7.45352e-24 1.01518e-24 1.86947e-24 1.01518e-24 3.13956e-24 -5.6104e-24 -1.86947e-24 5.6104e-24 3.96132e-24
0 0 0 -5 5 0 1.91624e-24 2.94427e-24 -7.922e-24 2.94427e-24 7.67607e-24 -5.1603e-25 7.922e-24 5.1603e-25 5.16844e-24
0 0 0 -5 -5 0 1.91624e-24 -2.94427e-24 -7.922e-24 -2.94427e-24 7.67607e-24 5.1603e-25 7.922e-24 -5.1603e-25 5.16844e-24
0 0 0 5 5 0 1.91624e-24 -2.94427e-24 7.922e-24 -2.94427e-24 7.67607e-24 -5.1603e-25 -7.922e-24 5.1603e-25 5.16844e-24
0 0 0 5 -5 0 1.91624e-24 2.94427e-24 7.922e-24 2.94427e-24 7.67607e-24 5.1603e-25 -7.922e-24 -5.1603e-25 5.16844e-24
0 0 0 -6 2 0 -1.33866e-23 -5.44437e-25 -3.61687e-24 -5.44437e-25 -1.54415e-23 -2.42558e-26 3.61687e-24 2.42558e-26 -1.53107e-23
0 0 0 -6 -2 0 -1.33866e-23 5.44437e-25 -3.61687e-24 5.44437e-25 -1.54415e-23 2.42558e-26 3.61687e-24 -2.42558e-26 -1.53107e-23
0 0 0 6 2 0 -1.33866e-23 5.44437e-25 3.61687e-24 5.44437e-25 -1.54415e-23 -2.42558e-26 -3.61687e-24 2.42558e-26 -1.53107e-23
0 0 0 6 -2 0 -1.33866e-23 -5.44437e-25 3.61687e-24 -5.44437e-25 -1.54415e-23 2.42558e-26 -3.61687e-24 -2.42558e-26 -1.53107e-23
0 0 0 -1 9 0 -9.81375e-24 -1.83096e-25 2.28456e-25 -1.83096e-25 -9.13993e-24 1.02433e-24 -2.28456e-25 -1.02433e-24 -1.05042e-23
0 0 0 1 9 0 -9.81375e-24 1.83096e-25 -2.28456e-25 1.83096e-25 -9.13993e-24 1.02433e-24 2.28456e-25 -1.02433e-24 -1.05042e-23
0 0 0 -1 -9 0 -9.81375e-24 1.83096e-25 2.28456e-25 1.83096e-25 -9.13993e-24 -1.02433e-24 -2.28456e-25 1.02433e-24 -1.05042e-23
0 0 0 1 -9 0 -9.81375e-24 -1.83096e-25 -2.28456e-25 -1.83096e-25 -9.13993e-24 -1.02433e-24 2.28456e-25 1.02433e-24 -1.05042e-23
0 0 0 -6 4 0 1.32432e-23 -2.10535e-25 -9.94058e-25 -2.10535e-25 1.23107e-23 -2.38148e-24 9.94058e-25 2.38148e-24 1.2013e-23
0 0 0 -6 -4 0 1.32432e-23 2.10535e-25 -9.94058e-25 2.10535e-25 1.23107e-23 2.38148e-24 9.94058e-25 -2.38148e-24 1.2013e-23
0 0 0 6 4 0 1.32432e-23 2.10535e-25 9.94058e-25 2.10535e-25 1.23107e-23 -2.38148e-24 -9.94058e-25 2.38148e-24 1.2013e-23
0 0 0 6 -4 0 1.32432e-23 -2.10535e-25 9.94058e-25 -2.10535e-25 1.23107e-23 2.38148e-24 -9.94058e-25 -2.38148e-24 1.2013e-23
0 0 0 -4 8 0 -5.3301e-25 4.10587e-25 -7.11935e-25 4.10587e-25 -2.0716e-24 2.18612e-24 7.11935e-25 -2.18612e-24 -1.5775e-24
0 0 0 4 8 0 -5.3301e-25 -4.10587e-25 7.11935e-25 -4.10587e-25 -2.0716e-24 2.18612e-24 -7.11935e-25 -2.18612e-24 -1.5775e-24
0 0 0 -4 -8 0 -5.3301e-25 -4.10587e-25 -7.11935e-25 -4.10587e-25 -2.0716e-24 -2.18612e-24 7.11935e-25 2.18612e-24 -1.5775e-24
0 0 0 4 -8 0 -5.3301e-25 4.10587e-25 7.11935e-25 4.10587e-25 -2.0716e-24 -2.18612e-24 -7.11935e-25 2.18612e-24 -1.5775e-24
0 0 0 -7 1 0 -1.83765e-23 -6.75108e-26 3.54604e-24 -6.75108e-26 -1.828e-23 -5.48233e-25 -3.54604e-24 5.48233e-25 -1.95329e-23
0 0 0 -7 -1 0 -1.83765e-23 6.75108e-26 3.54604e-24 6.75108e-26 -1.828e-23 5.48233e-25 -3.54604e-24 -5.48233e-25 -1.95329e-23
0 0 0 7 1 0 -1.83765e-23 6.75108e-26 -3.54604e-24 6.75108e-26 -1.828e-23 -5.48233e-25 3.54604e-24 5.48233e-25 -1.95329e-23
0 0 0 7 -1 0 -1.83765e-23 -6.75108e-26 -3.54604e-24 -6.75108e-26 -1.828e-23 5.48233e-25 3.54604e-24 -5.48233e-25 -1.95329e-23
0 0 0 -5 7 0 -6.7216e-25 -2.3567e-24 -3.22566e-24 -2.3567e-24 1.39161e-24 2.23734e-24 3.22566e-24 -2.23734e-24 1.84194e-24
0 0 0 5 7 0 -6.7216e-25 2.3567e-24 3.22566e-24 2.3567e-24 1.39161e-24 2.23734e-24 -3.22566e-24 -2.23734e-24 1.84194e-24
0 0 0 -5 -7 0 -6.7216e-25 2.3567e-24 -3.22566e-24 2.3567e-24 1.39161e-24 -2.23734e-24 3.22566e-24 2.23734e-24 1.84194e-24
0 0 0 5 -7 0 -6.7216e-25 -2.3567e-24 3.22566e-24 -2.3567e-24 1.39161e-24 -2.23734e-24 -3.22566e-24 2.23734e-24 1.84194e-24
0 0 0 -3 9 0 2.67227e-25 2.20776e-25 2.35934e-24 2.20776e-25 6.4255e-25 -1.18483e-24 -2.35934e-24 1.18483e-24 1.11709e-25
0 0 0 3 9 0 2.67227e-25 -2.20776e-25 -2.35934e-24 -2.20776e-25 6.4255e-25 -1.18483e-24 2.35934e-24 1.18483e-24 1.11709e-25
0 0 0 -3 -9 0 2.67227e-25 -2.20776e-25 2.35934e-24 -2.20776e-25 6.4255e-25 1.18483e-24 -2.35934e-24 -1.18483e-24 1.11709e-25
0 0 0 3 -9 0 2.67227e-25 2.20776e-25 -2.35934e-24 2.20776e-25 6.4255e-25 1.18483e-24 2.35934e-24 -1.18483e-24 1.11709e-25
0 0 0 0 10 0 -3.97791e-24 -3.74757e-39 -7.67378e-40 2.8831e-39 -4.76371e-24 1.72405e-24 -1.41547e-39 -1.72405e-24 -5.00861e-24
0 0 0 0 -10 0 -3.97791e-24 2.86492e-39 -1.29322e-39 -3.55675e-39 -4.76371e-24 -1.72405e-24 -7.48261e-40 1.72405e-24 -5.00861e-24
0 0 0 -7 3 0 -1.57022e-23 -2.57137e-25 3.32739e-24 -2.57137e-25 -1.55184e-23 -3.05479e-26 -3.32739e-24 3.05479e-26 -1.57559e-23
0 0 0 -7 -3 0 -1.57022e-23 2.57137e-25 3.32739e-24 2.57137e-25 -1.55184e-23 3.05479e-26 -3.32739e-24 -3.05479e-26 -1.57559e-23
0 0 0 7 3 0 -1.57022e-23 2.57137e-25 -3.32739e-24 2.57137e-25 -1.55184e-23 -3.05479e-26 3.32739e-24 3.05479e-26 -1.57559e-23
0 0 0 7 -3 0 -1.57022e-23 -2.57137e-25 -3.32739e-24 -2.57137e-25 -1.55184e-23 3.05479e-26 3.32739e-24 -3.05479e-26 -1.57559e-23
0 0 0 -6 6 0 -4.57306e-24 -1.69437e-24 1.48187e-24 -1.69437e-24 -6.26885e-24 -1.96964e-24 -1.48187e-24 1.96964e-24 -6.01803e-24
0 0 0 -6 -6 0 -4.57306e-24 1.69437e-24 1.48187e-24 1.69437e-24 -6.26885e-24 1.96964e-24 -1.48187e-24 -1.96964e-24 -6.01803e-24
0 0 0 6 6 0 -4.57306e-24 1.69437e-24 -1.48187e-24 1.69437e-24 -6.26885e-24 -1.96964e-24 1.48187e-24 1.96964e-24 -6.01803e-24
0 0 0 6 -6 0 -4.57306e-24 -1.69437e-24 -1.48187e-24 -1.69437e-24 -6.26885e-24 1.96964e-24 1.48187e-24 -1.96964e-24 -6.01803e-24
0 0 0 -2 10 0 -4.1692e-24 1.14129e-25 -7.37733e-25 1.14129e-25 -4.22386e-24 1.69761e-25 7.37733e-25 -1.69761e-25 -3.92499e-24
0 0 0 2 10 0 -4.1692e-24 -1.14129e-25 7.37733e-25 -1.14129e-25 -4.22386e-24 1.69761e-25 -7.37733e-25 -1.69761e-25 -3.92499e-24
0 0 0 -2 -10 0 -4.1692e-24 -1.14129e-25 -7.37733e-25 -1.14129e-25 -4.22386e-24 -1.69761e-25 7.37733e-25 1.69761e-25 -3.92499e-24
0 0 0 2 -10 0 -4.1692e-24 1.14129e-25 7.37733e-25 1.14129e-25 -4.22386e-24 -1.69761e-25 -7.37733e-25 1.69761e-25 -3.92499e-24
0 0 0 -7 -5 0 -5.559e-24 9.42398e-25 -9.64674e-25 9.42398e-25 -5.67682e-24 2.12619e-24 9.64674e-25 -2.12619e-24 -6.26818e-24
0 0 0 7 5 0 -5.559e-24 9.42398e-25 9.64674e-25 9.42398e-25 -5.67682e-24 -2.12619e-24 -9.64674e-25 2.12619e-24 -6.26818e-24
0 0 0 -7 5 0 -5.559e-24 -9.42398e-25 -9.64674e-25 -9.42398e-25 -5.67682e-24 -2.12619e-24 9.64674e-25 2.12619e-24 -6.26818e-24
0 0 0 7 -5 0 -5.559e-24 -9.42398e-25 9.64674e-25 -9.42398e-25 -5.67682e-24 2.12619e-24 -9.64674e-25 -2.12619e-24 -6.26818e-24
0 0 0 -1 11 0 -9.0047e-24 3.02817e-26 1.57003e-24 3.02817e-26 -8.7714e-24 4.75352e-25 -1.57003e-24 -4.75352e-25 -9.04001e-24
0 0 0 1 11 0 -9.0047e-24 -3.02817e-26 -1.57003e-24 -3.02817e-26 -8.7714e-24 4.75352e-25 1.57003e-24 -4.75352e-25 -9.04001e-24
0 0 0 -1 -11 0 -9.0047e-24 -3.02817e-26 1.57003e-24 -3.02817e-26 -8.7714e-24 -4.75352e-25 -1.57003e-24 4.75352e-25 -9.04001e-24
0 0 0 1 -11 0 -9.0047e-24 3.02817e-26 -1.57003e-24 3.02817e-26 -8.7714e-24 -4.75352e-25 1.57003e-24 4.75352e-25 -9.04001e-24
0 0 0 -8 0 0 2.1068e-24 2.9104e-39 -3.17402e-26 -4.83653e-39 1.71168e-24 -4.47878e-39 3.17402e-26 6.59188e-39 1.93528e-24
0 0 0 8 0 0 2.1068e-24 -4.84998e-39 3.17402e-26 2.81446e-39 1.71168e-24 6.52649e-39 -3.17402e-26 -4.3622e-39 1.93528e-24
0 0 0 5 9 0 2.16232e-24 1.98784e-25 -2.26584e-24 1.98784e-25 1.84813e-24 -2.18396e-24 2.26584e-24 2.18396e-24 2.1502e-24
0 0 0 -5 9 0 2.16232e-24 -1.98784e-25 2.26584e-24 -1.98784e-25 1.84813e-24 -2.18396e-24 -2.26584e-24 2.18396e-24 2.1502e-24
0 0 0 -5 -9 0 2.16232e-24 1.98784e-25 2.26584e-24 1.98784e-25 1.84813e-24 2.18396e-24 -2.26584e-24 -2.18396e-24 2.1502e-24
0 0 0 5 -9 0 2.16232e-24 -1.98784e-25 -2.26584e-24 -1.98784e-25 1.84813e-24 2.18396e-24 2.26584e-24 -2.18396e-24 2.1502e-24
0 0 0 -8 2 0 5.17532e-24 1.35197e-26 6.69653e-25 1.35197e-26 4.87221e-24 6.18184e-25 -6.69653e-25 -6.18184e-25 4.98608e-24
0 0 0 -8 -2 0 5.17532e-24 -1.35197e-26 6.69653e-25 -1.35197e-26 4.87221e-24 -6.18184e-25 -6.69653e-25 6.18184e-25 4.98608e-24
0 0 0 8 2 0 5.17532e-24 -1.35197e-26 -6.69653e-25 -1.35197e-26 4.87221e-24 6.18184e-25 6.69653e-25 -6.18184e-25 4.98608e-24
0 0 0 8 -2 0 5.17532e-24 1.35197e-26 -6.69653e-25 1.35197e-26 4.87221e-24 -6.18184e-25 6.69653e-25 6.18184e-25 4.98608e-24
0 0 0 4 10 0 -8.87359e-25 4.36645e-25 -1.1272e-24 4.36645e-25 -1.47466e-24 -1.09787e-24 1.1272e-24 1.09787e-24 -1.24958e-24
0 0 0 -4 10 0 -8.87359e-25 -4.36645e-25 1.1272e-24 -4.36645e-25 -1.47466e-24 -1.09787e-24 -1.1272e-24 1.09787e-24 -1.24958e-24
0 0 0 -4 -10 0 -8.87359e-25 4.36645e-25 1.1272e-24 4.36645e-25 -1.47466e-24 1.09787e-24 -1.1272e-24 -1.09787e-24 -1.24958e-24
0 0 0 4 -10 0 -8.87359e-25 -4.36645e-25 -1.1272e-24 -4.36645e-25 -1.47466e-24 1.09787e-24 1.1272e-24 -1.09787e-24 -1.24958e-24
0 0 0 6 8 0 2.85491e-25 -7.66057e-25 1.00365e-24 -7.66057e-25 1.03129e-24 -2.30759e-25 -1.00365e-24 2.30759e-25 1.09927e-24
0 0 0 -6 -8 0 2.85491e-25 -7.66057e-25 -1.00365e-24 -7.66057e-25 1.03129e-24 2.30759e-25 1.00365e-24 -2.30759e-25 1.09927e-24
0 0 0 -6 8 0 2.85491e-25 7.66057e-25 -1.00365e-24 7.66057e-25 1.03129e-24 -2.30759e-25 1.00365e-24 2.30759e-25 1.09927e-24
0 0 0 6 -8 0 2.85491e-25 7.66057e-25 1.00365e-24 7.66057e-25 1.03129e-24 2.30759e-25 -1.00365e-24 -2.30759e-25 1.09927e-24
0 0 0 3 11 0 1.44352e-24 -1.37351e-25 -1.03061e-24 -1.37351e-25 1.01612e-24 -5.02207e-25 1.03061e-24 5.02207e-25 1.37837e-24
0 0 0 -3 -11 0 1.44352e-24 -1.37351e-25 1.03061e-24 -1.37351e-25 1.01612e-24 5.02207e-25 -1.03061e-24 -5.02207e-25 1.37837e-24
0 0 0 -3 11 0 1.44352e-24 1.37351e-25 1.03061e-24 1.37351e-25 1.01612e-24 -5.02207e-25 -1.03061e-24 5.02207e-25 1.37837e-24
0 0 0 3 -11 0 1.44352e-24 1.37351e-25 -1.03061e-24 1.37351e-25 1.01612e-24 5.02207e-25 1.03061e-24 -5.02207e-25 1.37837e-24
0 0 0 -8 -4 0 -9.00453e-24 -1.47482e-25 -3.23199e-25 -1.47482e-25 -9.14616e-24 9.56815e-25 3.23199e-25 -9.56815e-25 -9.38786e-24
0 0 0 8 4 0 -9.00453e-24 -1.47482e-25 3.23199e-25 -1.47482e-25 -9.14616e-24 -9.56815e-25 -3.23199e-25 9.56815e-25 -9.38786e-24
0 0 0 -8 4 0 -9.00453e-24 1.47482e-25 -3.23199e-25 1.47482e-25 -9.14616e-24 -9.56815e-25 3.23199e-25 9.56815e-25 -9.38786e-24
0 0 0 8 -4 0 -9.00453e-24 1.47482e-25 3.23199e-25 1.47482e-25 -9.14616e-24 9.56815e-25 -3.23199e-25 -9.56815e-25 -9.38786e-24
0 0 0 0 12 0 -7.98804e-24 4.98171e-40 2.36341e-39 -2.94795e-39 -7.9294e-24 2.71696e-24 2.26275e-39 -2.71696e-24 -7.93832e-24
0 0 0 0 -12 0 -7.98804e-24 -2.87748e-39 2.539e-39 4.02208e-40 -7.9294e-24 -2.71696e-24 2.15479e-39 2.71696e-24 -7.93832e-24
0 0 0 -7 -7 0 3.27936e-24 -6.64772e-25 -1.30248e-24 -6.64772e-25 4.86561e-24 5.37379e-26 1.30248e-24 -5.37379e-26 3.18898e-24
0 0 0 7 7 0 3.27936e-24 -6.64772e-25 1.30248e-24 -6.64772e-25 4.86561e-24 -5.37379e-26 -1.30248e-24 5.37379e-26 3.18898e-24
0 0 0 -7 7 0 3.27936e-24 6.64772e-25 -1.30248e-24 6.64772e-25 4.86561e-24 -5.37379e-26 1.30248e-24 5.37379e-26 3.18898e-24
0 0 0 7 -7 0 3.27936e-24 6.64772e-25 1.30248e-24 6.64772e-25 4.86561e-24 5.37379e-26 -1.30248e-24 -5.37379e-26 3.18898e-24
0 0 0 2 12 0 -2.87413e-24 3.35092e-25 -5.39434e-25 3.35092e-25 -2.64954e-24 -1.1903e-24 5.39434e-25 1.1903e-24 -2.56135e-24
0 0 0 -2 -12 0 -2.87413e-24 3.35092e-25 5.39434e-25 3.35092e-25 -2.64954e-24 1.1903e-24 -5.39434e-25 -1.1903e-24 -2.56135e-24
0 0 0 -2 12 0 -2.87413e-24 -3.35092e-25 5.39434e-25 -3.35092e-25 -2.64954e-24 -1.1903e-24 -5.39434e-25 1.1903e-24 -2.56135e-24
0 0 0 2 -12 0 -2.87413e-24 -3.35092e-25 -5.39434e-25 -3.35092e-25 -2.64954e-24 1.1903e-24 5.39434e-25 -1.1903e-24 -2.56135e-24
0 0 0 -9 -1 0 -2.55905e-24 3.68649e-26 8.01883e-25 3.68649e-26 -2.57276e-24 -2.36101e-25 -8.01883e-25 2.36101e-25 -2.23018e-24
0 0 0 -9 1 0 -2.55905e-24 -3.68649e-26 8.01883e-25 -3.68649e-26 -2.57276e-24 2.36101e-25 -8.01883e-25 -2.36101e-25 -2.23018e-24
0 0 0 9 1 0 -2.55905e-24 3.68649e-26 -8.01883e-25 3.68649e-26 -2.57276e-24 2.36101e-25 8.01883e-25 -2.36101e-25 -2.23018e-24
0 0 0 9 -1 0 -2.55905e-24 -3.68649e-26 -8.01883e-25 -3.68649e-26 -2.57276e-24 -2.36101e-25 8.01883e-25 2.36101e-25 -2.23018e-24
0 0 0 -8 -6 0 -1.19618e-24 -1.02693e-25 9.21939e-25 -1.02693e-25 -1.44969e-24 3.26247e-25 -9.21939e-25 -3.26247e-25 -1.30227e-24
0 0 0 8 6 0 -1.19618e-24 -1.02693e-25 -9.21939e-25 -1.02693e-25 -1.44969e-24 -3.26247e-25 9.21939e-25 3.26247e-25 -1.30227e-24
0 0 0 -8 6 0 -1.19618e-24 1.02693e-25 9.21939e-25 1.02693e-25 -1.44969e-24 -3.26247e-25 -9.21939e-25 3.26247e-25 -1.30227e-24
0 0 0 8 -6 0 -1.19618e-24 1.02693e-25 -9.21939e-25 1.02693e-25 -1.44969e-24 3.26247e-25 9.21939e-25 -3.26247e-25 -1.30227e-24
0 0 0 -9 3 0 -5.66064e-24 6.06228e-26 7.16661e-25 6.06228e-26 -5.20887e-24 1.05025e-24 -7.16661e-25 -1.05025e-24 -5.12878e-24
0 0 0 -9 -3 0 -5.66064e-24 -6.06228e-26 7.16661e-25 -6.06228e-26 -5.20887e-24 -1.05025e-24 -7.16661e-25 1.05025e-24 -5.12878e-24
0 0 0 9 3 0 -5.66064e-24 -6.06228e-26 -7.16661e-25 -6.06228e-26 -5.20887e-24 1.05025e-24 7.16661e-25 -1.05025e-24 -5.12878e-24
0 0 0 9 -3 0 -5.66064e-24 6.06228e-26 -7.16661e-25 6.06228e-26 -5.20887e-24 -1.05025e-24 7.16661e-25 1.05025e-24 -5.12878e-24
0 0 0 5 11 0 2.05225e-25 5.23362e-26 6.0667e-25 5.23362e-26 2.85069e-25 -5.2937e-25 -6.0667e-25 5.2937e-25 2.17783e-26
0 0 0 -5 -11 0 2.05225e-25 5.23362e-26 -6.0667e-25 5.23362e-26 2.85069e-25 5.2937e-25 6.0667e-25 -5.2937e-25 2.17783e-26
0 0 0 -5 11 0 2.05225e-25 -5.23362e-26 -6.0667e-25 -5.23362e-26 2.85069e-25 -5.2937e-25 6.0667e-25 5.2937e-25 2.17783e-26
0 0 0 5 -11 0 2.05225e-25 -5.23362e-26 6.0667e-25 -5.23362e-26 2.85069e-25 5.2937e-25 -6.0667e-25 -5.2937e-25 2.17783e-26
0 0 0 -1 13 0 -7.99161e-24 1.37794e-25 -1.51636e-25 1.37794e-25 -8.33382e-24 -2.2678e-25 1.51636e-25 2.2678e-25 -8.30115e-24
0 0 0 -1 -13 0 -7.99161e-24 -1.37794e-25 -1.51636e-25 -1.37794e-25 -8.33382e-24 2.2678e-25 1.51636e-25 -2.2678e-25 -8.30115e-24
0 0 0 1 13 0 -7.99161e-24 -1.37794e-25 1.51636e-25 -1.37794e-25 -8.33382e-24 -2.2678e-25 -1.51636e-25 2.2678e-25 -8.30115e-24
0 0 0 1 -13 0 -7.99161e-24 1.37794e-25 1.51636e-25 1.37794e-25 -8.33382e-24 2.2678e-25 -1.51636e-25 -2.2678e-25 -8.30115e-24
0 0 0 6 10 0 -2.15733e-24 3.09565e-25 2.49698e-24 3.09565e-25 -1.11494e-24 1.33505e-24 -2.49698e-24 -1.33505e-24 -1.01977e-24
0 0 0 -6 -10 0 -2.15733e-24 3.09565e-25 -2.49698e-24 3.09565e-25 -1.11494e-24 -1.33505e-24 2.49698e-24 1.33505e-24 -1.01977e-24
0 0 0 -6 10 0 -2.15733e-24 -3.09565e-25 -2.49698e-24 -3.09565e-25 -1.11494e-24 1.33505e-24 2.49698e-24 -1.33505e-24 -1.01977e-24
0 0 0 6 -10 0 -2.15733e-24 -3.09565e-25 2.49698e-24 -3.09565e-25 -1.11494e-24 -1.33505e-24 -2.49698e-24 1.33505e-24 -1.01977e-24
0 0 0 -4 12 0 4.57236e-26 -1.06322e-25 2.18505e-25 -1.06322e-25 3.57976e-25 -1.47021e-25 -2.18505e-25 1.47021e-25 3.1595e-25
0 0 0 4 12 0 4.57236e-26 1.06322e-25 -2.18505e-25 1.06322e-25 3.57976e-25 -1.47021e-25 2.18505e-25 1.47021e-25 3.1595e-25
0 0 0 -4 -12 0 4.57236e-26 1.06322e-25 2.18505e-25 1.06322e-25 3.57976e-25 1.47021e-25 -2.18505e-25 -1.47021e-25 3.1595e-25
0 0 0 4 -12 0 4.57236e-26 -1.06322e-25 -2.18505e-25 -1.06322e-25 3.57976e-25 1.47021e-25 2.18505e-25 -1.47021e-25 3.1595e-25
0 0 0 7 9 0 1.52557e-24 4.20956e-25 9.71449e-25 4.20956e-25 1.03179e-24 2.39367e-24 -9.71449e-25 -2.39367e-24 9.49675e-25
0 0 0 -7 9 0 1.52557e-24 -4.20956e-25 -9.71449e-25 -4.20956e-25 1.03179e-24 2.39367e-24 9.71449e-25 -2.39367e-24 9.49675e-25
0 0 0 -7 -9 0 1.52557e-24 4.20956e-25 -9.71449e-25 4.20956e-25 1.03179e-24 -2.39367e-24 9.71449e-25 2.39367e-24 9.49675e-25
0 0 0 7 -9 0 1.52557e-24 -4.20956e-25 9.71449e-25 -4.20956e-25 1.03179e-24 -2.39367e-24 -9.71449e-25 2.39367e-24 9.49675e-25
0 0 0 -9 -5 0 -8.89299e-24 -4.81173e-26 -3.74527e-26 -4.81173e-26 -8.79598e-24 -3.92029e-25 3.74527e-26 3.92029e-25 -8.81268e-24
0 0 0 9 5 0 -8.89299e-24 -4.81173e-26 3.74527e-26 -4.81173e-26 -8.79598e-24 3.92029e-25 -3.74527e-26 -3.92029e-25 -8.81268e-24
0 0 0 -9 5 0 -8.89299e-24 4.81173e-26 -3.74527e-26 4.81173e-26 -8.79598e-24 3.92029e-25 3.74527e-26 -3.92029e-25 -8.81268e-24
0 0 0 9 -5 0 -8.89299e-24 4.81173e-26 3.74527e-26 4.81173e-26 -8.79598e-24 -3.92029e-25 -3.74527e-26 3.92029e-25 -8.81268e-24
0 0 0 -3 13 0 1.04237e-24 -1.1363e-25 7.21966e-25 -1.1363e-25 7.56176e-25 -3.61779e-25 -7.21966e-25 3.61779e-25 1.11387e-24
0 0 0 3 13 0 1.04237e-24 1.1363e-25 -7.21966e-25 1.1363e-25 7.56176e-25 -3.61779e-25 7.21966e-25 3.61779e-25 1.11387e-24
0 0 0 -3 -13 0 1.04237e-24 1.1363e-25 7.21966e-25 1.1363e-25 7.56176e-25 3.61779e-25 -7.21966e-25 -3.61779e-25 1.11387e-24
0 0 0 3 -13 0 1.04237e-24 -1.1363e-25 -7.21966e-25 -1.1363e-25 7.56176e-25 3.61779e-25 7.21966e-25 -3.61779e-25 1.11387e-24
0 0 0 -8 -8 0 -6.37624e-24 3.22333e-25 -1.71745e-25 3.22333e-25 -6.18027e-24 -2.00796e-24 1.71745e-25 2.00796e-24 -7.06664e-24
0 0 0 -8 8 0 -6.37624e-24 -3.22333e-25 -1.71745e-25 -3.22333e-25 -6.18027e-24 2.00796e-24 1.71745e-25 -2.00796e-24 -7.06664e-24
0 0 0 8 8 0 -6.37624e-24 3.22333e-25 1.71745e-25 3.22333e-25 -6.18027e-24 2.00796e-24 -1.71745e-25 -2.00796e-24 -7.06664e-24
0 0 0 8 -8 0 -6.37624e-24 -3.22333e-25 1.71745e-25 -3.22333e-25 -6.18027e-24 -2.00796e-24 -1.71745e-25 2.00796e-24 -7.06664e-24
0 0 0 0 14 0 -1.20763e-23 1.86666e-39 4.54337e-39 -2.00449e-39 -1.18178e-23 -1.18104e-24 -2.1167e-39 1.18104e-24 -1.18181e-23
0 0 0 0 -14 0 -1.20763e-23 -1.8515e-39 -2.00344e-39 1.82183e-39 -1.18178e-23 1.18104e-24 4.45302e-39 -1.18104e-24 -1.18181e-23
0 0 0 -10 0 0 3.86269e-25 1.58379e-39 4.07955e-25 -2.35918e-39 3.38135e-25 4.61914e-40 -4.07955e-25 -1.47747e-39 6.25514e-25
0 0 0 10 0 0 3.86269e-25 -2.32366e-39 -4.07955e-25 1.56895e-39 3.38135e-25 -1.4354e-39 4.07955e-25 4.53191e-40 6.25514e-25
0 0 0 -10 2 0 9.97208e-26 -5.4295e-26 9.02634e-25 -5.4295e-26 4.0619e-25 -1.90477e-25 -9.02634e-25 1.90477e-25 6.2207e-25
0 0 0 10 2 0 9.97208e-26 5.4295e-26 -9.02634e-25 5.4295e-26 4.0619e-25 -1.90477e-25 9.02634e-25 1.90477e-25 6.2207e-25
0 0 0 10 -2 0 9.97208e-26 -5.4295e-26 -9.02634e-25 -5.4295e-26 4.0619e-25 1.90477e-25 9.02634e-25 -1.90477e-25 6.2207e-25
0 0 0 -10 -2 0 9.97208e-26 5.4295e-26 9.02634e-25 5.4295e-26 4.0619e-25 1.90477e-25 -9.02634e-25 -1.90477e-25 6.2207e-25
0 0 0 2 14 0 -3.90109e-24 -8.53399e-26 -2.62657e-26 -8.53399e-26 -3.6529e-24 5.04127e-25 2.62657e-26 -5.04127e-25 -3.72252e-24
0 0 0 -2 14 0 -3.90109e-24 8.53399e-26 2.62657e-26 8.53399e-26 -3.6529e-24 5.04127e-25 -2.62657e-26 -5.04127e-25 -3.72252e-24
0 0 0 -2 -14 0 -3.90109e-24 -8.53399e-26 2.62657e-26 -8.53399e-26 -3.6529e-24 -5.04127e-25 -2.62657e-26 5.04127e-25 -3.72252e-24
0 0 0 2 -14 0 -3.90109e-24 8.53399e-26 -2.62657e-26 8.53399e-26 -3.6529e-24 -5.04127e-25 2.62657e-26 5.04127e-25 -3.72252e-24
0 0 0 -9 -7 0 -1.45985e-23 -9.12894e-26 -2.30084e-25 -9.12894e-26 -1.44428e-23 -7.43389e-25 2.30084e-25 7.43389e-25 -1.48272e-23
0 0 0 -9 7 0 -1.45985e-23 9.12894e-26 -2.30084e-25 9.12894e-26 -1.44428e-23 7.43389e-25 2.30084e-25 -7.43389e-25 -1.48272e-23
0 0 0 9 7 0 -1.45985e-23 -9.12894e-26 2.30084e-25 -9.12894e-26 -1.44428e-23 7.43389e-25 -2.30084e-25 -7.43389e-25 -1.48272e-23
0 0 0 9 -7 0 -1.45985e-23 9.12894e-26 2.30084e-25 9.12894e-26 -1.44428e-23 -7.43389e-25 -2.30084e-25 7.43389e-25 -1.48272e-23
0 0 0 10 4 0 -1.5403e-25 -1.17459e-26 -4.79155e-25 -1.17459e-26 -2.46418e-25 1.16255e-25 4.79155e-25 -1.16255e-25 4.02274e-26
0 0 0 -10 4 0 -1.5403e-25 1.17459e-26 4.79155e-25 1.17459e-26 -2.46418e-25 1.16255e-25 -4.79155e-25 -1.16255e-25 4.02274e-26
0 0 0 10 -4 0 -1.5403e-25 1.17459e-26 -4.79155e-25 1.17459e-26 -2.46418e-25 -1.16255e-25 4.79155e-25 1.16255e-25 4.02274e-26
0 0 0 -10 -4 0 -1.5403e-25 -1.17459e-26 4.79155e-25 -1.17459e-26 -2.46418e-25 -1.16255e-25 -4.79155e-25 1.16255e-25 4.02274e-26
0 0 0 -6 -12 0 -2.26144e-24 1.15368e-25 4.83344e-25 1.15368e-25 -2.06673e-24 1.69459e-25 -4.83344e-25 -1.69459e-25 -1.84169e-24
0 0 0 -6 12 0 -2.26144e-24 -1.15368e-25 4.83344e-25 -1.15368e-25 -2.06673e-24 -1.69459e-25 -4.83344e-25 1.69459e-25 -1.84169e-24
0 0 0 6 12 0 -2.26144e-24 1.15368e-25 -4.83344e-25 1.15368e-25 -2.06673e-24 -1.69459e-25 4.83344e-25 1.69459e-25 -1.84169e-24
0 0 0 6 -12 0 -2.26144e-24 -1.15368e-25 -4.83344e-25 -1.15368e-25 -2.06673e-24 1.69459e-25 4.83344e-25 -1.69459e-25 -1.84169e-24
0 0 0 -7 11 0 1.42544e-24 -2.31545e-25 1.28044e-24 -2.31545e-25 1.05493e-24 -6.37001e-25 -1.28044e-24 6.37001e-25 1.33911e-24
0 0 0 -7 -11 0 1.42544e-24 2.31545e-25 1.28044e-24 2.31545e-25 1.05493e-24 6.37001e-25 -1.28044e-24 -6.37001e-25 1.33911e-24
0 0 0 7 11 0 1.42544e-24 2.31545e-25 -1.28044e-24 2.31545e-25 1.05493e-24 -6.37001e-25 1.28044e-24 6.37001e-25 1.33911e-24
0 0 0 7 -11 0 1.42544e-24 -2.31545e-25 -1.28044e-24 -2.31545e-25 1.05493e-24 6.37001e-25 1.28044e-24 -6.37001e-25 1.33911e-24
0 0 0 -5 13 0 1.31425e-24 -5.67947e-27 -4.20281e-25 -5.67947e-27 1.27264e-24 5.06354e-26 4.20281e-25 -5.06354e-26 1.32881e-24
0 0 0 -5 -13 0 1.31425e-24 5.67947e-27 -4.20281e-25 5.67947e-27 1.27264e-24 -5.06354e-26 4.20281e-25 5.06354e-26 1.32881e-24
0 0 0 5 13 0 1.31425e-24 5.67947e-27 4.20281e-25 5.67947e-27 1.27264e-24 5.06354e-26 -4.20281e-25 -5.06354e-26 1.32881e-24
0 0 0 5 -13 0 1.31425e-24 -5.67947e-27 4.20281e-25 -5.67947e-27 1.27264e-24 -5.06354e-26 -4.20281e-25 5.06354e-26 1.32881e-24
0 0 0 1 15 0 -7.12812e-24 -4.20614e-26 -2.83632e-25 -4.20614e-26 -7.13352e-24 4.76824e-25 2.83632e-25 -4.76824e-25 -6.99021e-24
0 0 0 -1 15 0 -7.12812e-24 4.20614e-26 2.83632e-25 4.20614e-26 -7.13352e-24 4.76824e-25 -2.83632e-25 -4.76824e-25 -6.99021e-24
0 0 0 -1 -15 0 -7.12812e-24 -4.20614e-26 2.83632e-25 -4.20614e-26 -7.13352e-24 -4.76824e-25 -2.83632e-25 4.76824e-25 -6.99021e-24
0 0 0 1 -15 0 -7.12812e-24 4.20614e-26 -2.83632e-25 4.20614e-26 -7.13352e-24 -4.76824e-25 2.83632e-25 4.76824e-25 -6.99021e-24
0 0 0 8 10 0 -4.51951e-24 -7.58545e-25 -5.79472e-25 -7.58545e-25 -5.16494e-24 -1.70749e-24 5.79472e-25 1.70749e-24 -5.52657e-24
0 0 0 -8 -10 0 -4.51951e-24 -7.58545e-25 5.79472e-25 -7.58545e-25 -5.16494e-24 1.70749e-24 -5.79472e-25 -1.70749e-24 -5.52657e-24
0 0 0 -8 10 0 -4.51951e-24 7.58545e-25 5.79472e-25 7.58545e-25 -5.16494e-24 -1.70749e-24 -5.79472e-25 1.70749e-24 -5.52657e-24
0 0 0 8 -10 0 -4.51951e-24 7.58545e-25 -5.79472e-25 7.58545e-25 -5.16494e-24 1.70749e-24 5.79472e-25 -1.70749e-24 -5.52657e-24
0 0 0 -4 14 0 -7.20877e-25 -4.61455e-26 -7.14125e-26 -4.61455e-26 -2.78568e-25 -3.83212e-25 7.14125e-26 3.83212e-25 -5.26283e-25
0 0 0 -4 -14 0 -7.20877e-25 4.61455e-26 -7.14125e-26 4.61455e-26 -2.78568e-25 3.83212e-25 7.14125e-26 -3.83212e-25 -5.26283e-25
0 0 0 4 14 0 -7.20877e-25 4.61455e-26 7.14125e-26 4.61455e-26 -2.78568e-25 -3.83212e-25 -7.14125e-26 3.83212e-25 -5.26283e-25
0 0 0 4 -14 0 -7.20877e-25 -4.61455e-26 7.14125e-26 -4.61455e-26 -2.78568e-25 3.83212e-25 -7.14125e-26 -3.83212e-25 -5.26283e-25
0 0 0 10 6 0 -3.65434e-24 2.16937e-26 2.88772e-25 2.16937e-26 -3.54216e-24 9.72816e-25 -2.88772e-25 -9.72816e-25 -3.2823e-24
0 0 0 -10 6 0 -3.65434e-24 -2.16937e-26 -2.88772e-25 -2.16937e-26 -3.54216e-24 9.72816e-25 2.88772e-25 -9.72816e-25 -3.2823e-24
0 0 0 -10 -6 0 -3.65434e-24 2.16937e-26 -2.88772e-25 2.16937e-26 -3.54216e-24 -9.72816e-25 2.88772e-25 9.72816e-25 -3.2823e-24
0 0 0 10 -6 0 -3.65434e-24 -2.16937e-26 2.88772e-25 -2.16937e-26 -3.54216e-24 -9.72816e-25 -2.88772e-25 9.72816e-25 -3.2823e-24
0 0 0 -11 -1 0 1.63521e-24 4.23982e-26 -6.97373e-25 4.23982e-26 1.79118e-24 -4.10559e-25 6.97373e-25 4.10559e-25 1.47215e-24
0 0 0 11 1 0 1.63521e-24 4.23982e-26 6.97373e-25 4.23982e-26 1.79118e-24 4.10559e-25 -6.97373e-25 -4.10559e-25 1.47215e-24
0 0 0 -11 1 0 1.63521e-24 -4.23982e-26 -6.97373e-25 -4.23982e-26 1.79118e-24 4.10559e-25 6.97373e-25 -4.10559e-25 1.47215e-24
0 0 0 11 -1 0 1.63521e-24 -4.23982e-26 6.97373e-25 -4.23982e-26 1.79118e-24 -4.10559e-25 -6.97373e-25 4.10559e-25 1.47215e-24
0 0 0 -9 -9 0 -8.82028e-24 -3.70388e-25 6.68973e-25 -3.70388e-25 -1.03242e-23 2.19263e-24 -6.68973e-25 -2.19263e-24 -9.34141e-24
0 0 0 9 9 0 -8.82028e-24 -3.70388e-25 -6.68973e-25 -3.70388e-25 -1.03242e-23 -2.19263e-24 6.68973e-25 2.19263e-24 -9.34141e-24
0 0 0 -9 9 0 -8.82028e-24 3.70388e-25 6.68973e-25 3.70388e-25 -1.03242e-23 -2.19263e-24 -6.68973e-25 2.19263e-24 -9.34141e-24
0 0 0 9 -9 0 -8.82028e-24 3.70388e-25 -6.68973e-25 3.70388e-25 -1.03242e-23 2.19263e-24 6.68973e-25 -2.19263e-24 -9.34141e-24
0 0 0 3 15 0 -5.56608e-25 7.40073e-26 5.2772e-26 7.40073e-26 -7.36133e-25 -7.91475e-25 -5.2772e-26 7.91475e-25 -5.72898e-25
0 0 0 -3 15 0 -5.56608e-25 -7.40073e-26 -5.2772e-26 -7.40073e-26 -7.36133e-25 -7.91475e-25 5.2772e-26 7.91475e-25 -5.72898e-25
0 0 0 -3 -15 0 -5.56608e-25 7.40073e-26 -5.2772e-26 7.40073e-26 -7.36133e-25 7.91475e-25 5.2772e-26 -7.91475e-25 -5.72898e-25
0 0 0 3 -15 0 -5.56608e-25 -7.40073e-26 5.2772e-26 -7.40073e-26 -7.36133e-25 7.91475e-25 -5.2772e-26 -7.91475e-25 -5.72898e-25
0 0 0 11 3 0 1.1722e-25 -1.30582e-26 5.11113e-25 -1.30582e-26 1.3674e-25 1.5403e-25 -5.11113e-25 -1.5403e-25 4.14832e-26
0 0 0 -11 3 0 1.1722e-25 1.30582e-26 -5.11113e-25 1.30582e-26 1.3674e-25 1.5403e-25 5.11113e-25 -1.5403e-25 4.14832e-26
0 0 0 -11 -3 0 1.1722e-25 -1.30582e-26 -5.11113e-25 -1.30582e-26 1.3674e-25 -1.5403e-25 5.11113e-25 1.5403e-25 4.14832e-26
0 0 0 11 -3 0 1.1722e-25 1.30582e-26 5.11113e-25 1.30582e-26 1.3674e-25 -1.5403e-25 -5.11113e-25 1.5403e-25 4.14832e-26
0 0 0 0 16 0 -4.32097e-24 1.94275e-39 8.15462e-40 -1.73131e-39 -4.33906e-24 4.19338e-25 -4.39564e-40 -4.19338e-25 -4.40097e-24
0 0 0 0 -16 0 -4.32097e-24 -1.67826e-39 -3.6492e-40 1.96202e-39 -4.33906e-24 -4.19338e-25 7.87661e-40 4.19338e-25 -4.40097e-24
0 0 0 10 8 0 -9.38455e-24 -3.44746e-25 2.09456e-25 -3.44746e-25 -9.30945e-24 1.12916e-25 -2.09456e-25 -1.12916e-25 -8.97125e-24
0 0 0 -10 -8 0 -9.38455e-24 -3.44746e-25 -2.09456e-25 -3.44746e-25 -9.30945e-24 -1.12916e-25 2.09456e-25 1.12916e-25 -8.97125e-24
0 0 0 -10 8 0 -9.38455e-24 3.44746e-25 -2.09456e-25 3.44746e-25 -9.30945e-24 1.12916e-25 2.09456e-25 -1.12916e-25 -8.97125e-24
0 0 0 10 -8 0 -9.38455e-24 3.44746e-25 2.09456e-25 3.44746e-25 -9.30945e-24 -1.12916e-25 -2.09456e-25 1.12916e-25 -8.97125e-24
0 0 0 -2 16 0 -3.30311e-24 8.28669e-26 2.36935e-25 8.28669e-26 -3.24299e-24 -3.74466e-25 -2.36935e-25 3.74466e-25 -3.21874e-24
0 0 0 -2 -16 0 -3.30311e-24 -8.28669e-26 2.36935e-25 -8.28669e-26 -3.24299e-24 3.74466e-25 -2.36935e-25 -3.74466e-25 -3.21874e-24
0 0 0 2 16 0 -3.30311e-24 -8.28669e-26 -2.36935e-25 -8.28669e-26 -3.24299e-24 -3.74466e-25 2.36935e-25 3.74466e-25 -3.21874e-24
0 0 0 2 -16 0 -3.30311e-24 8.28669e-26 -2.36935e-25 8.28669e-26 -3.24299e-24 3.74466e-25 2.36935e-25 -3.74466e-25 -3.21874e-24
0 0 0 -11 5 0 -2.42423e-26 -5.76252e-26 -1.60343e-25 -5.76252e-26 -6.00209e-26 1.21567e-26 1.60343e-25 -1.21567e-26 -7.03959e-26
0 0 0 11 5 0 -2.42423e-26 5.76252e-26 1.60343e-25 5.76252e-26 -6.00209e-26 1.21567e-26 -1.60343e-25 -1.21567e-26 -7.03959e-26
0 0 0 -11 -5 0 -2.42423e-26 5.76252e-26 -1.60343e-25 5.76252e-26 -6.00209e-26 -1.21567e-26 1.60343e-25 1.21567e-26 -7.03959e-26
0 0 0 11 -5 0 -2.42423e-26 -5.76252e-26 1.60343e-25 -5.76252e-26 -6.00209e-26 -1.21567e-26 -1.60343e-25 1.21567e-26 -7.03959e-26
0 0 0 -7 -13 0 5.55826e-26 -6.76118e-26 -3.52017e-25 -6.76118e-26 4.21049e-25 -5.73712e-25 3.52017e-25 5.73712e-25 1.3479e-25
0 0 0 7 13 0 5.55826e-26 -6.76118e-26 3.52017e-25 -6.76118e-26 4.21049e-25 5.73712e-25 -3.52017e-25 -5.73712e-25 1.3479e-25
0 0 0 -7 13 0 5.55826e-26 6.76118e-26 -3.52017e-25 6.76118e-26 4.21049e-25 5.73712e-25 3.52017e-25 -5.73712e-25 1.3479e-25
0 0 0 7 -13 0 5.55826e-26 6.76118e-26 3.52017e-25 6.76118e-26 4.21049e-25 -5.73712e-25 -3.52017e-25 5.73712e-25 1.3479e-25
0 0 0 -6 14 0 -5.19435e-24 -1.18285e-25 -7.59735e-25 -1.18285e-25 -4.86955e-24 4.24811e-25 7.59735e-25 -4.24811e-25 -5.16418e-24
0 0 0 -6 -14 0 -5.19435e-24 1.18285e-25 -7.59735e-25 1.18285e-25 -4.86955e-24 -4.24811e-25 7.59735e-25 4.24811e-25 -5.16418e-24
0 0 0 6 14 0 -5.19435e-24 1.18285e-25 7.59735e-25 1.18285e-25 -4.86955e-24 4.24811e-25 -7.59735e-25 -4.24811e-25 -5.16418e-24
0 0 0 6 -14 0 -5.19435e-24 -1.18285e-25 7.59735e-25 -1.18285e-25 -4.86955e-24 -4.24811e-25 -7.59735e-25 4.24811e-25 -5.16418e-24
0 0 0 -8 -12 0 -8.95302e-24 -2.13093e-25 -8.13766e-25 -2.13093e-25 -8.55563e-24 -1.00239e-24 8.13766e-25 1.00239e-24 -9.15959e-24
0 0 0 -8 12 0 -8.95302e-24 2.13093e-25 -8.13766e-25 2.13093e-25 -8.55563e-24 1.00239e-24 8.13766e-25 -1.00239e-24 -9.15959e-24
0 0 0 8 12 0 -8.95302e-24 -2.13093e-25 8.13766e-25 -2.13093e-25 -8.55563e-24 1.00239e-24 -8.13766e-25 -1.00239e-24 -9.15959e-24
0 0 0 8 -12 0 -8.95302e-24 2.13093e-25 8.13766e-25 2.13093e-25 -8.55563e-24 -1.00239e-24 -8.13766e-25 1.00239e-24 -9.15959e-24
0 0 0 -5 15 0 1.02188e-24 3.46131e-26 -8.74678e-26 3.46131e-26 9.30325e-25 1.25927e-26 8.74678e-26 -1.25927e-26 9.04334e-25
0 0 0 -5 -15 0 1.02188e-24 -3.46131e-26 -8.74678e-26 -3.46131e-26 9.30325e-25 -1.25927e-26 8.74678e-26 1.25927e-26 9.04334e-25
0 0 0 5 15 0 1.02188e-24 -3.46131e-26 8.74678e-26 -3.46131e-26 9.30325e-25 1.25927e-26 -8.74678e-26 -1.25927e-26 9.04334e-25
0 0 0 5 -15 0 1.02188e-24 3.46131e-26 8.74678e-26 3.46131e-26 9.30325e-25 -1.25927e-26 -8.74678e-26 1.25927e-26 9.04334e-25
0 0 0 9 11 0 -1.46676e-23 1.62641e-25 -6.36768e-25 1.62641e-25 -1.48243e-23 7.93732e-25 6.36768e-25 -7.93732e-25 -1.49012e-23
0 0 0 -9 11 0 -1.46676e-23 -1.62641e-25 6.36768e-25 -1.62641e-25 -1.48243e-23 7.93732e-25 -6.36768e-25 -7.93732e-25 -1.49012e-23
0 0 0 -9 -11 0 -1.46676e-23 1.62641e-25 6.36768e-25 1.62641e-25 -1.48243e-23 -7.93732e-25 -6.36768e-25 7.93732e-25 -1.49012e-23
0 0 0 9 -11 0 -1.46676e-23 -1.62641e-25 -6.36768e-25 -1.62641e-25 -1.48243e-23 -7.93732e-25 6.36768e-25 7.93732e-25 -1.49012e-23
0 0 0 -12 0 0 7.43245e-27 -3.49442e-39 -2.10183e-25 4.93096e-39 -7.09201e-27 1.88418e-39 2.10183e-25 -6.24506e-40 -2.7108e-25
0 0 0 12 0 0 7.43245e-27 4.94248e-39 2.10183e-25 -3.54022e-39 -7.09201e-27 -6.46963e-40 -2.10183e-25 1.79025e-39 -2.7108e-25
0 0 0 -4 16 0 -2.25397e-24 -4.23122e-26 2.4756e-25 -4.23122e-26 -2.26547e-24 4.66114e-25 -2.4756e-25 -4.66114e-25 -2.16695e-24
0 0 0 -4 -16 0 -2.25397e-24 4.23122e-26 2.4756e-25 4.23122e-26 -2.26547e-24 -4.66114e-25 -2.4756e-25 4.66114e-25 -2.16695e-24
0 0 0 4 16 0 -2.25397e-24 4.23122e-26 -2.4756e-25 4.23122e-26 -2.26547e-24 4.66114e-25 2.4756e-25 -4.66114e-25 -2.16695e-24
0 0 0 4 -16 0 -2.25397e-24 -4.23122e-26 -2.4756e-25 -4.23122e-26 -2.26547e-24 -4.66114e-25 2.4756e-25 4.66114e-25 -2.16695e-24
0 0 0 11 7 0 -3.6391e-24 -2.93149e-26 -1.6532e-25 -2.93149e-26 -3.68412e-24 1.43286e-25 1.6532e-25 -1.43286e-25 -3.57194e-24
0 0 0 -11 7 0 -3.6391e-24 2.93149e-26 1.6532e-25 2.93149e-26 -3.68412e-24 1.43286e-25 -1.6532e-25 -1.43286e-25 -3.57194e-24
0 0 0 -11 -7 0 -3.6391e-24 -2.93149e-26 1.6532e-25 -2.93149e-26 -3.68412e-24 -1.43286e-25 -1.6532e-25 1.43286e-25 -3.57194e-24
0 0 0 11 -7 0 -3.6391e-24 2.93149e-26 -1.6532e-25 2.93149e-26 -3.68412e-24 -1.43286e-25 1.6532e-25 1.43286e-25 -3.57194e-24
0 0 0 -1 17 0 -5.95078e-24 7.9594e-26 -1.17794e-25 7.9594e-26 -5.97118e-24 -5.35152e-25 1.17794e-25 5.35152e-25 -6.0032e-24
0 0 0 1 17 0 -5.95078e-24 -7.9594e-26 1.17794e-25 -7.9594e-26 -5.97118e-24 -5.35152e-25 -1.17794e-25 5.35152e-25 -6.0032e-24
0 0 0 -1 -17 0 -5.95078e-24 -7.9594e-26 -1.17794e-25 -7.9594e-26 -5.97118e-24 5.35152e-25 1.17794e-25 -5.35152e-25 -6.0032e-24
0 0 0 1 -17 0 -5.95078e-24 7.9594e-26 1.17794e-25 7.9594e-26 -5.97118e-24 5.35152e-25 -1.17794e-25 -5.35152e-25 -6.0032e-24
0 0 0 -12 -2 0 2.24892e-25 -3.77465e-26 -6.50504e-25 -3.77465e-26 2.23271e-25 3.99657e-26 6.50504e-25 -3.99657e-26 9.01855e-27
0 0 0 12 2 0 2.24892e-25 -3.77465e-26 6.50504e-25 -3.77465e-26 2.23271e-25 -3.99657e-26 -6.50504e-25 3.99657e-26 9.01855e-27
0 0 0 12 -2 0 2.24892e-25 3.77465e-26 6.50504e-25 3.77465e-26 2.23271e-25 3.99657e-26 -6.50504e-25 -3.99657e-26 9.01855e-27
0 0 0 -12 2 0 2.24892e-25 3.77465e-26 -6.50504e-25 3.77465e-26 2.23271e-25 -3.99657e-26 6.50504e-25 3.99657e-26 9.01855e-27
0 0 0 10 10 0 -1.11671e-23 -1.26695e-25 -7.6531e-26 -1.26695e-25 -1.08837e-23 2.69499e-25 7.6531e-26 -2.69499e-25 -1.0734e-23
0 0 0 -10 10 0 -1.11671e-23 1.26695e-25 7.6531e-26 1.26695e-25 -1.08837e-23 2.69499e-25 -7.6531e-26 -2.69499e-25 -1.0734e-23
0 0 0 -10 -10 0 -1.11671e-23 -1.26695e-25 7.6531e-26 -1.26695e-25 -1.08837e-23 -2.69499e-25 -7.6531e-26 2.69499e-25 -1.0734e-23
0 0 0 10 -10 0 -1.11671e-23 1.26695e-25 -7.6531e-26 1.26695e-25 -1.08837e-23 -2.69499e-25 7.6531e-26 2.69499e-25 -1.0734e-23
0 0 0 12 4 0 -5.04608e-26 -6.43273e-26 -1.0153e-25 -6.43273e-26 -1.8067e-25 4.7328e-25 1.0153e-25 -4.7328e-25 -3.21643e-25
0 0 0 -12 -4 0 -5.04608e-26 -6.43273e-26 1.0153e-25 -6.43273e-26 -1.8067e-25 -4.7328e-25 -1.0153e-25 4.7328e-25 -3.21643e-25
0 0 0 -12 4 0 -5.04608e-26 6.43273e-26 1.0153e-25 6.43273e-26 -1.8067e-25 4.7328e-25 -1.0153e-25 -4.7328e-25 -3.21643e-25
0 0 0 12 -4 0 -5.04608e-26 6.43273e-26 -1.0153e-25 6.43273e-26 -1.8067e-25 -4.7328e-25 1.0153e-25 4.7328e-25 -3.21643e-25
0 0 0 -3 17 0 -4.89825e-24 2.43374e-26 2.28767e-25 2.43374e-26 -4.98225e-24 2.1425e-25 -2.28767e-25 -2.1425e-25 -4.95245e-24
0 0 0 3 17 0 -4.89825e-24 -2.43374e-26 -2.28767e-25 -2.43374e-26 -4.98225e-24 2.1425e-25 2.28767e-25 -2.1425e-25 -4.95245e-24
0 0 0 -3 -17 0 -4.89825e-24 -2.43374e-26 2.28767e-25 -2.43374e-26 -4.98225e-24 -2.1425e-25 -2.28767e-25 2.1425e-25 -4.95245e-24
0 0 0 3 -17 0 -4.89825e-24 2.43374e-26 -2.28767e-25 2.43374e-26 -4.98225e-24 -2.1425e-25 2.28767e-25 2.1425e-25 -4.95245e-24
0 0 0 -11 -9 0 -9.85914e-24 1.79759e-25 -2.03151e-25 1.79759e-25 -1.01301e-23 4.6363e-25 2.03151e-25 -4.6363e-25 -9.8306e-24
0 0 0 -11 9 0 -9.85914e-24 -1.79759e-25 -2.03151e-25 -1.79759e-25 -1.01301e-23 -4.6363e-25 2.03151e-25 4.6363e-25 -9.8306e-24
0 0 0 11 9 0 -9.85914e-24 1.79759e-25 2.03151e-25 1.79759e-25 -1.01301e-23 -4.6363e-25 -2.03151e-25 4.6363e-25 -9.8306e-24
0 0 0 11 -9 0 -9.85914e-24 -1.79759e-25 2.03151e-25 -1.79759e-25 -1.01301e-23 4.6363e-25 -2.03151e-25 -4.6363e-25 -9.8306e-24
0 0 0 -7 -15 0 -1.54969e-23 6.65806e-26 -5.84542e-25 6.65806e-26 -1.56667e-23 -1.19463e-24 5.84542e-25 1.19463e-24 -1.53144e-23
0 0 0 -7 15 0 -1.54969e-23 -6.65806e-26 -5.84542e-25 -6.65806e-26 -1.56667e-23 1.19463e-24 5.84542e-25 -1.19463e-24 -1.53144e-23
0 0 0 7 15 0 -1.54969e-23 6.65806e-26 5.84542e-25 6.65806e-26 -1.56667e-23 1.19463e-24 -5.84542e-25 -1.19463e-24 -1.53144e-23
0 0 0 7 -15 0 -1.54969e-23 -6.65806e-26 5.84542e-25 -6.65806e-26 -1.56667e-23 -1.19463e-24 -5.84542e-25 1.19463e-24 -1.53144e-23
0 0 0 12 6 0 -2.60746e-24 2.56958e-26 -2.1348e-25 2.56958e-26 -2.68629e-24 8.73398e-25 2.1348e-25 -8.73398e-25 -2.66952e-24
0 0 0 -12 6 0 -2.60746e-24 -2.56958e-26 2.1348e-25 -2.56958e-26 -2.68629e-24 8.73398e-25 -2.1348e-25 -8.73398e-25 -2.66952e-24
0 0 0 -12 -6 0 -2.60746e-24 2.56958e-26 2.1348e-25 2.56958e-26 -2.68629e-24 -8.73398e-25 -2.1348e-25 8.73398e-25 -2.66952e-24
0 0 0 12 -6 0 -2.60746e-24 -2.56958e-26 -2.1348e-25 -2.56958e-26 -2.68629e-24 -8.73398e-25 2.1348e-25 8.73398e-25 -2.66952e-24
0 0 0 -8 14 0 -1.7887e-23 8.89754e-26 -9.7184e-25 8.89754e-26 -1.82276e-23 4.8827e-25 9.7184e-25 -4.8827e-25 -1.79127e-23
0 0 0 -8 -14 0 -1.7887e-23 -8.89754e-26 -9.7184e-25 -8.89754e-26 -1.82276e-23 -4.8827e-25 9.7184e-25 4.8827e-25 -1.79127e-23
0 0 0 8 14 0 -1.7887e-23 -8.89754e-26 9.7184e-25 -8.89754e-26 -1.82276e-23 4.8827e-25 -9.7184e-25 -4.8827e-25 -1.79127e-23
0 0 0 8 -14 0 -1.7887e-23 8.89754e-26 9.7184e-25 8.89754e-26 -1.82276e-23 -4.8827e-25 -9.7184e-25 4.8827e-25 -1.79127e-23
0 0 0 0 18 0 -4.61329e-24 -2.90979e-39 -7.05517e-40 2.91094e-39 -4.90808e-24 1.20049e-24 -2.91434e-40 -1.20049e-24 -4.88584e-24
0 0 0 0 -18 0 -4.61329e-24 2.89264e-39 -2.10882e-40 -2.91865e-39 -4.90808e-24 -1.20049e-24 -5.05074e-40 1.20049e-24 -4.88584e-24
0 0 0 -6 -16 0 -1.01202e-23 -4.62809e-26 -6.80883e-25 -4.62809e-26 -1.01616e-23 -6.78813e-25 6.80883e-25 6.78813e-25 -1.01293e-23
0 0 0 6 16 0 -1.01202e-23 -4.62809e-26 6.80883e-25 -4.62809e-26 -1.01616e-23 6.78813e-25 -6.80883e-25 -6.78813e-25 -1.01293e-23
0 0 0 -6 16 0 -1.01202e-23 4.62809e-26 -6.80883e-25 4.62809e-26 -1.01616e-23 6.78813e-25 6.80883e-25 -6.78813e-25 -1.01293e-23
0 0 0 6 -16 0 -1.01202e-23 4.62809e-26 6.80883e-25 4.62809e-26 -1.01616e-23 -6.78813e-25 -6.80883e-25 6.78813e-25 -1.01293e-23
0 0 0 -9 13 0 -1.86157e-23 -3.2628e-26 -1.68378e-25 -3.2628e-26 -1.94191e-23 7.47246e-25 1.68378e-25 -7.47246e-25 -1.92275e-23
0 0 0 -9 -13 0 -1.86157e-23 3.2628e-26 -1.68378e-25 3.2628e-26 -1.94191e-23 -7.47246e-25 1.68378e-25 7.47246e-25 -1.92275e-23
0 0 0 9 13 0 -1.86157e-23 3.2628e-26 1.68378e-25 3.2628e-26 -1.94191e-23 7.47246e-25 -1.68378e-25 -7.47246e-25 -1.92275e-23
0 0 0 9 -13 0 -1.86157e-23 -3.2628e-26 1.68378e-25 -3.2628e-26 -1.94191e-23 -7.47246e-25 -1.68378e-25 7.47246e-25 -1.92275e-23
0 0 0 2 18 0 2.14785e-25 -3.85474e-26 8.45003e-26 -3.85474e-26 2.92416e-25 -1.3041e-24 -8.45003e-26 1.3041e-24 2.37962e-25
0 0 0 -2 18 0 2.14785e-25 3.85474e-26 -8.45003e-26 3.85474e-26 2.92416e-25 -1.3041e-24 8.45003e-26 1.3041e-24 2.37962e-25
0 0 0 -2 -18 0 2.14785e-25 -3.85474e-26 -8.45003e-26 -3.85474e-26 2.92416e-25 1.3041e-24 8.45003e-26 -1.3041e-24 2.37962e-25
0 0 0 2 -18 0 2.14785e-25 3.85474e-26 8.45003e-26 3.85474e-26 2.92416e-25 1.3041e-24 -8.45003e-26 -1.3041e-24 2.37962e-25
0 0 0 13 1 0 1.04696e-25 -2.60925e-26 2.60903e-25 -2.60925e-26 -1.51077e-25 -2.26296e-25 -2.60903e-25 2.26296e-25 3.80949e-26
0 0 0 -13 1 0 1.04696e-25 2.60925e-26 -2.60903e-25 2.60925e-26 -1.51077e-25 -2.26296e-25 2.60903e-25 2.26296e-25 3.80949e-26
0 0 0 13 -1 0 1.04696e-25 2.60925e-26 2.60903e-25 2.60925e-26 -1.51077e-25 2.26296e-25 -2.60903e-25 -2.26296e-25 3.80949e-26
0 0 0 -13 -1 0 1.04696e-25 -2.60925e-26 -2.60903e-25 -2.60925e-26 -1.51077e-25 2.26296e-25 2.60903e-25 -2.26296e-25 3.80949e-26
0 0 0 5 17 0 -2.25635e-24 -1.24877e-26 8.52522e-25 -1.24877e-26 -2.15302e-24 1.91736e-25 -8.52522e-25 -1.91736e-25 -2.21673e-24
0 0 0 -5 -17 0 -2.25635e-24 -1.24877e-26 -8.52522e-25 -1.24877e-26 -2.15302e-24 -1.91736e-25 8.52522e-25 1.91736e-25 -2.21673e-24
0 0 0 -5 17 0 -2.25635e-24 1.24877e-26 -8.52522e-25 1.24877e-26 -2.15302e-24 1.91736e-25 8.52522e-25 -1.91736e-25 -2.21673e-24
0 0 0 5 -17 0 -2.25635e-24 1.24877e-26 8.52522e-25 1.24877e-26 -2.15302e-24 -1.91736e-25 -8.52522e-25 1.91736e-25 -2.21673e-24
0 0 0 10 12 0 -1.29613e-23 4.49173e-26 -3.44111e-26 4.49173e-26 -1.27413e-23 -1.10389e-24 3.44111e-26 1.10389e-24 -1.31584e-23
0 0 0 -10 12 0 -1.29613e-23 -4.49173e-26 3.44111e-26 -4.49173e-26 -1.27413e-23 -1.10389e-24 -3.44111e-26 1.10389e-24 -1.31584e-23
0 0 0 -10 -12 0 -1.29613e-23 4.49173e-26 3.44111e-26 4.49173e-26 -1.27413e-23 1.10389e-24 -3.44111e-26 -1.10389e-24 -1.31584e-23
0 0 0 10 -12 0 -1.29613e-23 -4.49173e-26 -3.44111e-26 -4.49173e-26 -1.27413e-23 1.10389e-24 3.44111e-26 -1.10389e-24 -1.31584e-23
0 0 0 13 3 0 -3.99248e-24 -1.53773e-26 2.71702e-25 -1.53773e-26 -4.11817e-24 6.11525e-25 -2.71702e-25 -6.11525e-25 -3.99515e-24
0 0 0 -13 -3 0 -3.99248e-24 -1.53773e-26 -2.71702e-25 -1.53773e-26 -4.11817e-24 -6.11525e-25 2.71702e-25 6.11525e-25 -3.99515e-24
0 0 0 13 -3 0 -3.99248e-24 1.53773e-26 2.71702e-25 1.53773e-26 -4.11817e-24 -6.11525e-25 -2.71702e-25 6.11525e-25 -3.99515e-24
0 0 0 -13 3 0 -3.99248e-24 1.53773e-26 -2.71702e-25 1.53773e-26 -4.11817e-24 6.11525e-25 2.71702e-25 -6.11525e-25 -3.99515e-24
0 0 0 12 8 0 -9.22927e-24 1.04599e-25 -1.13948e-24 1.04599e-25 -9.1976e-24 2.97886e-26 1.13948e-24 -2.97886e-26 -9.16863e-24
0 0 0 -12 -8 0 -9.22927e-24 1.04599e-25 1.13948e-24 1.04599e-25 -9.1976e-24 -2.97886e-26 -1.13948e-24 2.97886e-26 -9.16863e-24
0 0 0 12 -8 0 -9.22927e-24 -1.04599e-25 -1.13948e-24 -1.04599e-25 -9.1976e-24 -2.97886e-26 1.13948e-24 2.97886e-26 -9.16863e-24
0 0 0 -12 8 0 -9.22927e-24 -1.04599e-25 1.13948e-24 -1.04599e-25 -9.1976e-24 2.97886e-26 -1.13948e-24 -2.97886e-26 -9.16863e-24
0 0 0 4 18 0 -9.11871e-24 8.1243e-26 1.01643e-25 8.1243e-26 -8.95311e-24 2.65315e-25 -1.01643e-25 -2.65315e-25 -9.06566e-24
0 0 0 -4 -18 0 -9.11871e-24 8.1243e-26 -1.01643e-25 8.1243e-26 -8.95311e-24 -2.65315e-25 1.01643e-25 2.65315e-25 -9.06566e-24
0 0 0 -4 18 0 -9.11871e-24 -8.1243e-26 -1.01643e-25 -8.1243e-26 -8.95311e-24 2.65315e-25 1.01643e-25 -2.65315e-25 -9.06566e-24
0 0 0 4 -18 0 -9.11871e-24 -8.1243e-26 1.01643e-25 -8.1243e-26 -8.95311e-24 -2.65315e-25 -1.01643e-25 2.65315e-25 -9.06566e-24
0 0 0 -13 5 0 -8.18717e-24 5.78825e-26 5.19842e-25 5.78825e-26 -8.30498e-24 5.18368e-26 -5.19842e-25 -5.18368e-26 -8.30396e-24
0 0 0 -13 -5 0 -8.18717e-24 -5.78825e-26 5.19842e-25 -5.78825e-26 -8.30498e-24 -5.18368e-26 -5.19842e-25 5.18368e-26 -8.30396e-24
0 0 0 13 -5 0 -8.18717e-24 5.78825e-26 -5.19842e-25 5.78825e-26 -8.30498e-24 -5.18368e-26 5.19842e-25 5.18368e-26 -8.30396e-24
0 0 0 13 5 0 -8.18717e-24 -5.78825e-26 -5.19842e-25 -5.78825e-26 -8.30498e-24 5.18368e-26 5.19842e-25 -5.18368e-26 -8.30396e-24
0 0 0 11 11 0 -1.09464e-23 2.05518e-25 -3.11592e-25 2.05518e-25 -1.11568e-23 -1.60023e-26 3.11592e-25 1.60023e-26 -1.06771e-23
0 0 0 -11 11 0 -1.09464e-23 -2.05518e-25 3.11592e-25 -2.05518e-25 -1.11568e-23 -1.60023e-26 -3.11592e-25 1.60023e-26 -1.06771e-23
0 0 0 -11 -11 0 -1.09464e-23 2.05518e-25 3.11592e-25 2.05518e-25 -1.11568e-23 1.60023e-26 -3.11592e-25 -1.60023e-26 -1.06771e-23
0 0 0 11 -11 0 -1.09464e-23 -2.05518e-25 -3.11592e-25 -2.05518e-25 -1.11568e-23 1.60023e-26 3.11592e-25 -1.60023e-26 -1.06771e-23
0 0 0 1 19 0 -4.79053e-25 -1.20786e-26 -8.84568e-26 -1.20786e-26 -4.91361e-25 -9.76227e-26 8.84568e-26 9.76227e-26 -4.93791e-25
0 0 0 -1 -19 0 -4.79053e-25 -1.20786e-26 8.84568e-26 -1.20786e-26 -4.91361e-25 9.76227e-26 -8.84568e-26 -9.76227e-26 -4.93791e-25
0 0 0 1 -19 0 -4.79053e-25 1.20786e-26 -8.84568e-26 1.20786e-26 -4.91361e-25 9.76227e-26 8.84568e-26 -9.76227e-26 -4.93791e-25
0 0 0 -1 19 0 -4.79053e-25 1.20786e-26 8.84568e-26 1.20786e-26 -4.91361e-25 -9.76227e-26 -8.84568e-26 9.76227e-26 -4.93791e-25
0 0 0 -3 19 0 -1.76347e-23 -1.43611e-25 1.1263e-24 -1.43611e-25 -1.75146e-23 8.44602e-25 -1.1263e-24 -8.44602e-25 -1.76893e-23
0 0 0 -3 -19 0 -1.76347e-23 1.43611e-25 1.1263e-24 1.43611e-25 -1.75146e-23 -8.44602e-25 -1.1263e-24 8.44602e-25 -1.76893e-23
0 0 0 3 19 0 -1.76347e-23 1.43611e-25 -1.1263e-24 1.43611e-25 -1.75146e-23 8.44602e-25 1.1263e-24 -8.44602e-25 -1.76893e-23
0 0 0 3 -19 0 -1.76347e-23 -1.43611e-25 -1.1263e-24 -1.43611e-25 -1.75146e-23 -8.44602e-25 1.1263e-24 8.44602e-25 -1.76893e-23
0 0 0 8 16 0 -1.92476e-23 -1.82538e-25 -6.21891e-25 -1.82538e-25 -1.9104e-23 -5.46065e-25 6.21891e-25 5.46065e-25 -1.92055e-23
0 0 0 -8 16 0 -1.92476e-23 1.82538e-25 6.21891e-25 1.82538e-25 -1.9104e-23 -5.46065e-25 -6.21891e-25 5.46065e-25 -1.92055e-23
0 0 0 -8 -16 0 -1.92476e-23 -1.82538e-25 6.21891e-25 -1.82538e-25 -1.9104e-23 5.46065e-25 -6.21891e-25 -5.46065e-25 -1.92055e-23
0 0 0 8 -16 0 -1.92476e-23 1.82538e-25 -6.21891e-25 1.82538e-25 -1.9104e-23 5.46065e-25 6.21891e-25 -5.46065e-25 -1.92055e-23
0 0 0 -13 -7 0 -1.37778e-23 -3.86045e-27 -4.01107e-25 -3.86045e-27 -1.39712e-23 3.28058e-25 4.01107e-25 -3.28058e-25 -1.40139e-23
0 0 0 -13 7 0 -1.37778e-23 3.86045e-27 -4.01107e-25 3.86045e-27 -1.39712e-23 -3.28058e-25 4.01107e-25 3.28058e-25 -1.40139e-23
0 0 0 13 -7 0 -1.37778e-23 3.86045e-27 4.01107e-25 3.86045e-27 -1.39712e-23 3.28058e-25 -4.01107e-25 -3.28058e-25 -1.40139e-23
0 0 0 13 7 0 -1.37778e-23 -3.86045e-27 4.01107e-25 -3.86045e-27 -1.39712e-23 -3.28058e-25 -4.01107e-25 3.28058e-25 -1.40139e-23
0 0 0 -9 15 0 -1.37246e-23 1.41659e-26 8.75913e-25 1.41659e-26 -1.34149e-23 -1.85316e-25 -8.75913e-25 1.85316e-25 -1.36564e-23
0 0 0 9 15 0 -1.37246e-23 -1.41659e-26 -8.75913e-25 -1.41659e-26 -1.34149e-23 -1.85316e-25 8.75913e-25 1.85316e-25 -1.36564e-23
0 0 0 -9 -15 0 -1.37246e-23 -1.41659e-26 8.75913e-25 -1.41659e-26 -1.34149e-23 1.85316e-25 -8.75913e-25 -1.85316e-25 -1.36564e-23
0 0 0 9 -15 0 -1.37246e-23 1.41659e-26 -8.75913e-25 1.41659e-26 -1.34149e-23 1.85316e-25 8.75913e-25 -1.85316e-25 -1.36564e-23
0 0 0 -7 17 0 -2.83802e-23 4.04999e-26 -1.28762e-24 4.04999e-26 -2.80151e-23 -4.38338e-26 1.28762e-24 4.38338e-26 -2.79615e-23
0 0 0 7 17 0 -2.83802e-23 -4.04999e-26 1.28762e-24 -4.04999e-26 -2.80151e-23 -4.38338e-26 -1.28762e-24 4.38338e-26 -2.79615e-23
0 0 0 -7 -17 0 -2.83802e-23 -4.04999e-26 -1.28762e-24 -4.04999e-26 -2.80151e-23 4.38338e-26 1.28762e-24 -4.38338e-26 -2.79615e-23
0 0 0 7 -17 0 -2.83802e-23 4.04999e-26 1.28762e-24 4.04999e-26 -2.80151e-23 4.38338e-26 -1.28762e-24 -4.38338e-26 -2.79615e-23
0 0 0 12 10 0 -9.90958e-24 6.74993e-26 -2.2324e-25 6.74993e-26 -9.65355e-24 -9.14718e-25 2.2324e-25 9.14718e-25 -9.60285e-24
0 0 0 -12 -10 0 -9.90958e-24 6.74993e-26 2.2324e-25 6.74993e-26 -9.65355e-24 9.14718e-25 -2.2324e-25 -9.14718e-25 -9.60285e-24
0 0 0 -12 10 0 -9.90958e-24 -6.74993e-26 2.2324e-25 -6.74993e-26 -9.65355e-24 -9.14718e-25 -2.2324e-25 9.14718e-25 -9.60285e-24
0 0 0 12 -10 0 -9.90958e-24 -6.74993e-26 -2.2324e-25 -6.74993e-26 -9.65355e-24 9.14718e-25 2.2324e-25 -9.14718e-25 -9.60285e-24
0 0 0 14 0 0 2.6958e-24 1.77803e-39 -3.97665e-25 -2.20763e-39 2.64932e-24 1.75152e-39 3.97665e-25 -3.31402e-40 2.69508e-24
0 0 0 -14 0 0 2.6958e-24 -2.17294e-39 3.97665e-25 1.72534e-39 2.64932e-24 -3.15415e-40 -3.97665e-25 1.8052e-39 2.69508e-24
0 0 0 -14 2 0 3.77487e-24 -3.76547e-26 1.24814e-25 -3.76547e-26 3.61994e-24 1.36339e-25 -1.24814e-25 -1.36339e-25 3.74479e-24
0 0 0 14 2 0 3.77487e-24 3.76547e-26 -1.24814e-25 3.76547e-26 3.61994e-24 1.36339e-25 1.24814e-25 -1.36339e-25 3.74479e-24
0 0 0 -14 -2 0 3.77487e-24 3.76547e-26 1.24814e-25 3.76547e-26 3.61994e-24 -1.36339e-25 -1.24814e-25 1.36339e-25 3.74479e-24
0 0 0 14 -2 0 3.77487e-24 -3.76547e-26 -1.24814e-25 -3.76547e-26 3.61994e-24 -1.36339e-25 1.24814e-25 1.36339e-25 3.74479e-24
0 0 0 -10 14 0 -8.71735e-24 2.07876e-25 8.58617e-25 2.07876e-25 -8.31867e-24 -4.61314e-25 -8.58617e-25 4.61314e-25 -8.60513e-24
0 0 0 10 14 0 -8.71735e-24 -2.07876e-25 -8.58617e-25 -2.07876e-25 -8.31867e-24 -4.61314e-25 8.58617e-25 4.61314e-25 -8.60513e-24
0 0 0 -10 -14 0 -8.71735e-24 -2.07876e-25 8.58617e-25 -2.07876e-25 -8.31867e-24 4.61314e-25 -8.58617e-25 -4.61314e-25 -8.60513e-24
0 0 0 10 -14 0 -8.71735e-24 2.07876e-25 -8.58617e-25 2.07876e-25 -8.31867e-24 4.61314e-25 8.58617e-25 -4.61314e-25 -8.60513e-24
0 0 0 6 18 0 -2.83146e-23 -1.08626e-25 1.08532e-24 -1.08626e-25 -2.8095e-23 1.84557e-24 -1.08532e-24 -1.84557e-24 -2.81222e-23
0 0 0 -6 18 0 -2.83146e-23 1.08626e-25 -1.08532e-24 1.08626e-25 -2.8095e-23 1.84557e-24 1.08532e-24 -1.84557e-24 -2.81222e-23
0 0 0 -6 -18 0 -2.83146e-23 -1.08626e-25 -1.08532e-24 -1.08626e-25 -2.8095e-23 -1.84557e-24 1.08532e-24 1.84557e-24 -2.81222e-23
0 0 0 6 -18 0 -2.83146e-23 1.08626e-25 1.08532e-24 1.08626e-25 -2.8095e-23 -1.84557e-24 -1.08532e-24 1.84557e-24 -2.81222e-23
0 0 0 0 20 0 6.2367e-25 3.98048e-39 -6.0935e-40 -3.30847e-39 4.12747e-25 -7.45964e-25 1.79584e-39 7.45964e-25 5.48183e-25
0 0 0 0 -20 0 6.2367e-25 -3.3514e-39 1.73676e-39 3.98255e-39 4.12747e-25 7.45964e-25 -5.53088e-40 -7.45964e-25 5.48183e-25
0 0 0 14 4 0 -9.45829e-24 5.2316e-26 -1.00017e-25 5.2316e-26 -9.67315e-24 -1.11944e-24 1.00017e-25 1.11944e-24 -9.60431e-24
0 0 0 -14 4 0 -9.45829e-24 -5.2316e-26 1.00017e-25 -5.2316e-26 -9.67315e-24 -1.11944e-24 -1.00017e-25 1.11944e-24 -9.60431e-24
0 0 0 14 -4 0 -9.45829e-24 -5.2316e-26 -1.00017e-25 -5.2316e-26 -9.67315e-24 1.11944e-24 1.00017e-25 -1.11944e-24 -9.60431e-24
0 0 0 -14 -4 0 -9.45829e-24 5.2316e-26 1.00017e-25 5.2316e-26 -9.67315e-24 1.11944e-24 -1.00017e-25 -1.11944e-24 -9.60431e-24
0 0 0 -2 -20 0 -8.70904e-24 2.95494e-26 5.3308e-25 2.95494e-26 -8.59588e-24 -1.38121e-24 -5.3308e-25 1.38121e-24 -8.58848e-24
0 0 0 2 20 0 -8.70904e-24 2.95494e-26 -5.3308e-25 2.95494e-26 -8.59588e-24 1.38121e-24 5.3308e-25 -1.38121e-24 -8.58848e-24
0 0 0 -2 20 0 -8.70904e-24 -2.95494e-26 5.3308e-25 -2.95494e-26 -8.59588e-24 1.38121e-24 -5.3308e-25 -1.38121e-24 -8.58848e-24
0 0 0 2 -20 0 -8.70904e-24 -2.95494e-26 -5.3308e-25 -2.95494e-26 -8.59588e-24 -1.38121e-24 5.3308e-25 1.38121e-24 -8.58848e-24
0 0 0 -11 13 0 -2.08032e-24 -6.84837e-26 5.1091e-25 -6.84837e-26 -2.4012e-24 -6.9074e-25 -5.1091e-25 6.9074e-25 -1.94123e-24
0 0 0 -11 -13 0 -2.08032e-24 6.84837e-26 5.1091e-25 6.84837e-26 -2.4012e-24 6.9074e-25 -5.1091e-25 -6.9074e-25 -1.94123e-24
0 0 0 11 13 0 -2.08032e-24 6.84837e-26 -5.1091e-25 6.84837e-26 -2.4012e-24 -6.9074e-25 5.1091e-25 6.9074e-25 -1.94123e-24
0 0 0 11 -13 0 -2.08032e-24 -6.84837e-26 -5.1091e-25 -6.84837e-26 -2.4012e-24 6.9074e-25 5.1091e-25 -6.9074e-25 -1.94123e-24
0 0 0 -5 -19 0 -2.04141e-23 6.22196e-26 -1.39665e-24 6.22196e-26 -2.02907e-23 -2.85861e-24 1.39665e-24 2.85861e-24 -2.02124e-23
0 0 0 -5 19 0 -2.04141e-23 -6.22196e-26 -1.39665e-24 -6.22196e-26 -2.02907e-23 2.85861e-24 1.39665e-24 -2.85861e-24 -2.02124e-23
0 0 0 5 19 0 -2.04141e-23 6.22196e-26 1.39665e-24 6.22196e-26 -2.02907e-23 2.85861e-24 -1.39665e-24 -2.85861e-24 -2.02124e-23
0 0 0 5 -19 0 -2.04141e-23 -6.22196e-26 1.39665e-24 -6.22196e-26 -2.02907e-23 -2.85861e-24 -1.39665e-24 2.85861e-24 -2.02124e-23
0 0 0 -13 9 0 -1.038e-23 -1.98971e-26 4.17969e-25 -1.98971e-26 -1.07155e-23 -7.19604e-25 -4.17969e-25 7.19604e-25 -1.06149e-23
0 0 0 13 9 0 -1.038e-23 1.98971e-26 -4.17969e-25 1.98971e-26 -1.07155e-23 -7.19604e-25 4.17969e-25 7.19604e-25 -1.06149e-23
0 0 0 -13 -9 0 -1.038e-23 1.98971e-26 4.17969e-25 1.98971e-26 -1.07155e-23 7.19604e-25 -4.17969e-25 -7.19604e-25 -1.06149e-23
0 0 0 13 -9 0 -1.038e-23 -1.98971e-26 -4.17969e-25 -1.98971e-26 -1.07155e-23 7.19604e-25 4.17969e-25 -7.19604e-25 -1.06149e-23
0 0 0 -14 6 0 -2.79875e-24 -1.87031e-26 -1.73817e-25 -1.87031e-26 -3.20531e-24 -6.38775e-25 1.73817e-25 6.38775e-25 -2.87459e-24
0 0 0 14 6 0 -2.79875e-24 1.87031e-26 1.73817e-25 1.87031e-26 -3.20531e-24 -6.38775e-25 -1.73817e-25 6.38775e-25 -2.87459e-24
0 0 0 -14 -6 0 -2.79875e-24 1.87031e-26 -1.73817e-25 1.87031e-26 -3.20531e-24 6.38775e-25 1.73817e-25 -6.38775e-25 -2.87459e-24
0 0 0 14 -6 0 -2.79875e-24 -1.87031e-26 1.73817e-25 -1.87031e-26 -3.20531e-24 6.38775e-25 -1.73817e-25 -6.38775e-25 -2.87459e-24
0 0 0 -12 -12 0 -1.31055e-23 -9.74993e-26 -3.0389e-25 -9.74993e-26 -1.26961e-23 6.59297e-25 3.0389e-25 -6.59297e-25 -1.32651e-23
0 0 0 12 12 0 -1.31055e-23 -9.74993e-26 3.0389e-25 -9.74993e-26 -1.26961e-23 -6.59297e-25 -3.0389e-25 6.59297e-25 -1.32651e-23
0 0 0 -12 12 0 -1.31055e-23 9.74993e-26 -3.0389e-25 9.74993e-26 -1.26961e-23 -6.59297e-25 3.0389e-25 6.59297e-25 -1.32651e-23
0 0 0 12 -12 0 -1.31055e-23 9.74993e-26 3.0389e-25 9.74993e-26 -1.26961e-23 6.59297e-25 -3.0389e-25 -6.59297e-25 -1.32651e-23
0 0 0 -4 20 0 -2.00881e-23 9.56559e-26 -3.49203e-24 9.56559e-26 -2.00285e-23 3.17744e-24 3.49203e-24 -3.17744e-24 -1.98457e-23
0 0 0 4 20 0 -2.00881e-23 -9.56559e-26 3.49203e-24 -9.56559e-26 -2.00285e-23 3.17744e-24 -3.49203e-24 -3.17744e-24 -1.98457e-23
0 0 0 -4 -20 0 -2.00881e-23 -9.56559e-26 -3.49203e-24 -9.56559e-26 -2.00285e-23 -3.17744e-24 3.49203e-24 3.17744e-24 -1.98457e-23
0 0 0 4 -20 0 -2.00881e-23 9.56559e-26 3.49203e-24 9.56559e-26 -2.00285e-23 -3.17744e-24 -3.49203e-24 3.17744e-24 -1.98457e-23
0 0 0 -1 21 0 -3.69097e-24 5.5644e-26 4.20566e-25 5.5644e-26 -3.68283e-24 9.52314e-25 -4.20566e-25 -9.52314e-25 -3.68279e-24
0 0 0 -1 -21 0 -3.69097e-24 -5.5644e-26 4.20566e-25 -5.5644e-26 -3.68283e-24 -9.52314e-25 -4.20566e-25 9.52314e-25 -3.68279e-24
0 0 0 1 21 0 -3.69097e-24 -5.5644e-26 -4.20566e-25 -5.5644e-26 -3.68283e-24 9.52314e-25 4.20566e-25 -9.52314e-25 -3.68279e-24
0 0 0 1 -21 0 -3.69097e-24 5.5644e-26 -4.20566e-25 5.5644e-26 -3.68283e-24 -9.52314e-25 4.20566e-25 9.52314e-25 -3.68279e-24
0 0 0 15 1 0 -1.12515e-23 -8.66067e-26 6.46018e-25 -8.66067e-26 -1.14839e-23 4.66144e-26 -6.46018e-25 -4.66144e-26 -1.15257e-23
0 0 0 -15 1 0 -1.12515e-23 8.66067e-26 -6.46018e-25 8.66067e-26 -1.14839e-23 4.66144e-26 6.46018e-25 -4.66144e-26 -1.15257e-23
0 0 0 15 -1 0 -1.12515e-23 8.66067e-26 6.46018e-25 8.66067e-26 -1.14839e-23 -4.66144e-26 -6.46018e-25 4.66144e-26 -1.15257e-23
0 0 0 -15 -1 0 -1.12515e-23 -8.66067e-26 -6.46018e-25 -8.66067e-26 -1.14839e-23 -4.66144e-26 6.46018e-25 4.66144e-26 -1.15257e-23
0 0 0 -9 -17 0 -4.17926e-24 2.10055e-28 2.92836e-25 2.10055e-28 -4.19465e-24 5.38322e-25 -2.92836e-25 -5.38322e-25 -4.26809e-24
0 0 0 -9 17 0 -4.17926e-24 -2.10055e-28 2.92836e-25 -2.10055e-28 -4.19465e-24 -5.38322e-25 -2.92836e-25 5.38322e-25 -4.26809e-24
0 0 0 9 17 0 -4.17926e-24 2.10055e-28 -2.92836e-25 2.10055e-28 -4.19465e-24 -5.38322e-25 2.92836e-25 5.38322e-25 -4.26809e-24
0 0 0 9 -17 0 -4.17926e-24 -2.10055e-28 -2.92836e-25 -2.10055e-28 -4.19465e-24 5.38322e-25 2.92836e-25 -5.38322e-25 -4.26809e-24
0 0 0 -8 18 0 -1.58776e-23 -6.11851e-26 1.50805e-24 -6.11851e-26 -1.59647e-23 -6.02229e-25 -1.50805e-24 6.02229e-25 -1.59809e-23
0 0 0 -8 -18 0 -1.58776e-23 6.11851e-26 1.50805e-24 6.11851e-26 -1.59647e-23 6.02229e-25 -1.50805e-24 -6.02229e-25 -1.59809e-23
0 0 0 8 18 0 -1.58776e-23 6.11851e-26 -1.50805e-24 6.11851e-26 -1.59647e-23 -6.02229e-25 1.50805e-24 6.02229e-25 -1.59809e-23
0 0 0 8 -18 0 -1.58776e-23 -6.11851e-26 -1.50805e-24 -6.11851e-26 -1.59647e-23 6.02229e-25 1.50805e-24 -6.02229e-25 -1.59809e-23
0 0 0 -14 8 0 -5.4017e-24 6.84166e-26 -4.41151e-25 6.84166e-26 -5.3978e-24 6.65671e-25 4.41151e-25 -6.65671e-25 -5.61269e-24
0 0 0 -14 -8 0 -5.4017e-24 -6.84166e-26 -4.41151e-25 -6.84166e-26 -5.3978e-24 -6.65671e-25 4.41151e-25 6.65671e-25 -5.61269e-24
0 0 0 14 8 0 -5.4017e-24 -6.84166e-26 4.41151e-25 -6.84166e-26 -5.3978e-24 6.65671e-25 -4.41151e-25 -6.65671e-25 -5.61269e-24
0 0 0 14 -8 0 -5.4017e-24 6.84166e-26 4.41151e-25 6.84166e-26 -5.3978e-24 -6.65671e-25 -4.41151e-25 6.65671e-25 -5.61269e-24
0 0 0 -10 -16 0 -4.47188e-24 1.47192e-25 -3.55183e-25 1.47192e-25 -4.59866e-24 -5.13899e-25 3.55183e-25 5.13899e-25 -4.47266e-24
0 0 0 10 16 0 -4.47188e-24 1.47192e-25 3.55183e-25 1.47192e-25 -4.59866e-24 5.13899e-25 -3.55183e-25 -5.13899e-25 -4.47266e-24
0 0 0 -10 16 0 -4.47188e-24 -1.47192e-25 -3.55183e-25 -1.47192e-25 -4.59866e-24 5.13899e-25 3.55183e-25 -5.13899e-25 -4.47266e-24
0 0 0 10 -16 0 -4.47188e-24 -1.47192e-25 3.55183e-25 -1.47192e-25 -4.59866e-24 -5.13899e-25 -3.55183e-25 5.13899e-25 -4.47266e-24
0 0 0 -15 3 0 -1.47973e-23 7.77982e-26 -1.37158e-24 7.77982e-26 -1.48603e-23 -4.02794e-25 1.37158e-24 4.02794e-25 -1.46412e-23
0 0 0 15 3 0 -1.47973e-23 -7.77982e-26 1.37158e-24 -7.77982e-26 -1.48603e-23 -4.02794e-25 -1.37158e-24 4.02794e-25 -1.46412e-23
0 0 0 -15 -3 0 -1.47973e-23 -7.77982e-26 -1.37158e-24 -7.77982e-26 -1.48603e-23 4.02794e-25 1.37158e-24 -4.02794e-25 -1.46412e-23
0 0 0 15 -3 0 -1.47973e-23 7.77982e-26 1.37158e-24 7.77982e-26 -1.48603e-23 4.02794e-25 -1.37158e-24 -4.02794e-25 -1.46412e-23
0 0 0 13 11 0 -1.50236e-23 1.93796e-25 -5.65289e-25 1.93796e-25 -1.49232e-23 4.55061e-25 5.65289e-25 -4.55061e-25 -1.5071e-23
0 0 0 -13 11 0 -1.50236e-23 -1.93796e-25 5.65289e-25 -1.93796e-25 -1.49232e-23 4.55061e-25 -5.65289e-25 -4.55061e-25 -1.5071e-23
0 0 0 -13 -11 0 -1.50236e-23 1.93796e-25 5.65289e-25 1.93796e-25 -1.49232e-23 -4.55061e-25 -5.65289e-25 4.55061e-25 -1.5071e-23
0 0 0 13 -11 0 -1.50236e-23 -1.93796e-25 -5.65289e-25 -1.93796e-25 -1.49232e-23 -4.55061e-25 5.65289e-25 4.55061e-25 -1.5071e-23
0 0 0 -7 -19 0 -2.23297e-23 -1.00189e-25 1.92772e-24 -1.00189e-25 -2.25713e-23 2.08055e-24 -1.92772e-24 -2.08055e-24 -2.23236e-23
0 0 0 7 19 0 -2.23297e-23 -1.00189e-25 -1.92772e-24 -1.00189e-25 -2.25713e-23 -2.08055e-24 1.92772e-24 2.08055e-24 -2.23236e-23
0 0 0 -7 19 0 -2.23297e-23 1.00189e-25 1.92772e-24 1.00189e-25 -2.25713e-23 -2.08055e-24 -1.92772e-24 2.08055e-24 -2.23236e-23
0 0 0 7 -19 0 -2.23297e-23 1.00189e-25 -1.92772e-24 1.00189e-25 -2.25713e-23 2.08055e-24 1.92772e-24 -2.08055e-24 -2.23236e-23
0 0 0 -3 -21 0 -3.01683e-23 1.3417e-25 -2.03934e-24 1.3417e-25 -2.99911e-23 7.81672e-25 2.03934e-24 -7.81672e-25 -3.04354e-23
0 0 0 3 21 0 -3.01683e-23 1.3417e-25 2.03934e-24 1.3417e-25 -2.99911e-23 -7.81672e-25 -2.03934e-24 7.81672e-25 -3.04354e-23
0 0 0 3 -21 0 -3.01683e-23 -1.3417e-25 2.03934e-24 -1.3417e-25 -2.99911e-23 7.81672e-25 -2.03934e-24 -7.81672e-25 -3.04354e-23
0 0 0 -3 21 0 -3.01683e-23 -1.3417e-25 -2.03934e-24 -1.3417e-25 -2.99911e-23 -7.81672e-25 2.03934e-24 7.81672e-25 -3.04354e-23
0 0 0 11 15 0 -2.06665e-24 7.85917e-26 4.30608e-26 7.85917e-26 -1.8748e-24 4.17682e-25 -4.30608e-26 -4.17682e-25 -1.94818e-24
0 0 0 -11 -15 0 -2.06665e-24 7.85917e-26 -4.30608e-26 7.85917e-26 -1.8748e-24 -4.17682e-25 4.30608e-26 4.17682e-25 -1.94818e-24
0 0 0 -11 15 0 -2.06665e-24 -7.85917e-26 -4.30608e-26 -7.85917e-26 -1.8748e-24 4.17682e-25 4.30608e-26 -4.17682e-25 -1.94818e-24
0 0 0 11 -15 0 -2.06665e-24 -7.85917e-26 4.30608e-26 -7.85917e-26 -1.8748e-24 -4.17682e-25 -4.30608e-26 4.17682e-25 -1.94818e-24
0 0 0 6 20 0 -2.70268e-23 3.05175e-27 1.49286e-25 3.05175e-27 -2.69613e-23 -2.22511e-24 -1.49286e-25 2.22511e-24 -2.67843e-23
0 0 0 -6 20 0 -2.70268e-23 -3.05175e-27 -1.49286e-25 -3.05175e-27 -2.69613e-23 -2.22511e-24 1.49286e-25 2.22511e-24 -2.67843e-23
0 0 0 -6 -20 0 -2.70268e-23 3.05175e-27 -1.49286e-25 3.05175e-27 -2.69613e-23 2.22511e-24 1.49286e-25 -2.22511e-24 -2.67843e-23
0 0 0 6 -20 0 -2.70268e-23 -3.05175e-27 1.49286e-25 -3.05175e-27 -2.69613e-23 2.22511e-24 -1.49286e-25 -2.22511e-24 -2.67843e-23
0 0 0 -15 -5 0 -6.40532e-24 -1.67103e-25 4.39538e-25 -1.67103e-25 -6.43421e-24 9.13036e-25 -4.39538e-25 -9.13036e-25 -6.36833e-24
0 0 0 15 -5 0 -6.40532e-24 1.67103e-25 -4.39538e-25 1.67103e-25 -6.43421e-24 9.13036e-25 4.39538e-25 -9.13036e-25 -6.36833e-24
0 0 0 -15 5 0 -6.40532e-24 1.67103e-25 4.39538e-25 1.67103e-25 -6.43421e-24 -9.13036e-25 -4.39538e-25 9.13036e-25 -6.36833e-24
0 0 0 15 5 0 -6.40532e-24 -1.67103e-25 -4.39538e-25 -1.67103e-25 -6.43421e-24 -9.13036e-25 4.39538e-25 9.13036e-25 -6.36833e-24
0 0 0 -12 -14 0 -8.7863e-24 1.91221e-25 -1.35415e-24 1.91221e-25 -8.50589e-24 1.87339e-25 1.35415e-24 -1.87339e-25 -8.73657e-24
0 0 0 12 14 0 -8.7863e-24 1.91221e-25 1.35415e-24 1.91221e-25 -8.50589e-24 -1.87339e-25 -1.35415e-24 1.87339e-25 -8.73657e-24
0 0 0 -12 14 0 -8.7863e-24 -1.91221e-25 -1.35415e-24 -1.91221e-25 -8.50589e-24 -1.87339e-25 1.35415e-24 1.87339e-25 -8.73657e-24
0 0 0 12 -14 0 -8.7863e-24 -1.91221e-25 1.35415e-24 -1.91221e-25 -8.50589e-24 1.87339e-25 -1.35415e-24 -1.87339e-25 -8.73657e-24
0 0 0 0 22 0 2.87158e-24 7.66347e-39 -5.44091e-39 -3.89567e-39 3.98993e-24 3.57708e-24 6.01639e-39 -3.57708e-24 3.71131e-24
0 0 0 0 -22 0 2.87158e-24 -4.02887e-39 5.78022e-39 7.56912e-39 3.98993e-24 -3.57708e-24 -5.27071e-39 3.57708e-24 3.71131e-24
0 0 0 -5 -21 0 -5.45281e-23 -1.67444e-27 -1.10676e-24 -1.67444e-27 -5.39282e-23 9.41623e-27 1.10676e-24 -9.41623e-27 -5.39491e-23
0 0 0 5 -21 0 -5.45281e-23 1.67444e-27 1.10676e-24 1.67444e-27 -5.39282e-23 9.41623e-27 -1.10676e-24 -9.41623e-27 -5.39491e-23
0 0 0 -5 21 0 -5.45281e-23 1.67444e-27 -1.10676e-24 1.67444e-27 -5.39282e-23 -9.41623e-27 1.10676e-24 9.41623e-27 -5.39491e-23
0 0 0 5 21 0 -5.45281e-23 -1.67444e-27 1.10676e-24 -1.67444e-27 -5.39282e-23 -9.41623e-27 -1.10676e-24 9.41623e-27 -5.39491e-23
0 0 0 14 10 0 -5.10198e-24 -5.08006e-26 1.94886e-25 -5.08006e-26 -5.27614e-24 -9.4073e-25 -1.94886e-25 9.4073e-25 -5.50637e-24
0 0 0 -14 10 0 -5.10198e-24 5.08006e-26 -1.94886e-25 5.08006e-26 -5.27614e-24 -9.4073e-25 1.94886e-25 9.4073e-25 -5.50637e-24
0 0 0 14 -10 0 -5.10198e-24 5.08006e-26 1.94886e-25 5.08006e-26 -5.27614e-24 9.4073e-25 -1.94886e-25 -9.4073e-25 -5.50637e-24
0 0 0 -14 -10 0 -5.10198e-24 -5.08006e-26 -1.94886e-25 -5.08006e-26 -5.27614e-24 9.4073e-25 1.94886e-25 -9.4073e-25 -5.50637e-24
0 0 0 -2 22 0 -3.21902e-23 -2.92779e-25 5.30317e-25 -2.92779e-25 -3.16923e-23 3.54201e-24 -5.30317e-25 -3.54201e-24 -3.20994e-23
0 0 0 2 22 0 -3.21902e-23 2.92779e-25 -5.30317e-25 2.92779e-25 -3.16923e-23 3.54201e-24 5.30317e-25 -3.54201e-24 -3.20994e-23
0 0 0 -2 -22 0 -3.21902e-23 2.92779e-25 5.30317e-25 2.92779e-25 -3.16923e-23 -3.54201e-24 -5.30317e-25 3.54201e-24 -3.20994e-23
0 0 0 2 -22 0 -3.21902e-23 -2.92779e-25 -5.30317e-25 -2.92779e-25 -3.16923e-23 -3.54201e-24 5.30317e-25 3.54201e-24 -3.20994e-23
0 0 0 -15 7 0 1.35535e-24 -1.91676e-25 5.34823e-25 -1.91676e-25 1.22495e-24 -4.67132e-25 -5.34823e-25 4.67132e-25 1.34905e-24
0 0 0 15 7 0 1.35535e-24 1.91676e-25 -5.34823e-25 1.91676e-25 1.22495e-24 -4.67132e-25 5.34823e-25 4.67132e-25 1.34905e-24
0 0 0 -15 -7 0 1.35535e-24 1.91676e-25 5.34823e-25 1.91676e-25 1.22495e-24 4.67132e-25 -5.34823e-25 -4.67132e-25 1.34905e-24
0 0 0 15 -7 0 1.35535e-24 -1.91676e-25 -5.34823e-25 -1.91676e-25 1.22495e-24 4.67132e-25 5.34823e-25 -4.67132e-25 1.34905e-24
0 0 0 -13 13 0 -1.83905e-23 -2.54174e-25 5.95866e-25 -2.54174e-25 -1.90865e-23 3.59819e-25 -5.95866e-25 -3.59819e-25 -1.8718e-23
0 0 0 -13 -13 0 -1.83905e-23 2.54174e-25 5.95866e-25 2.54174e-25 -1.90865e-23 -3.59819e-25 -5.95866e-25 3.59819e-25 -1.8718e-23
0 0 0 13 13 0 -1.83905e-23 2.54174e-25 -5.95866e-25 2.54174e-25 -1.90865e-23 3.59819e-25 5.95866e-25 -3.59819e-25 -1.8718e-23
0 0 0 13 -13 0 -1.83905e-23 -2.54174e-25 -5.95866e-25 -2.54174e-25 -1.90865e-23 -3.59819e-25 5.95866e-25 3.59819e-25 -1.8718e-23
0 0 0 -16 0 0 4.76458e-24 -3.46708e-38 2.40869e-24 3.13416e-38 4.00327e-24 5.21555e-39 -2.40869e-24 -2.39523e-39 3.68501e-24
0 0 0 16 0 0 4.76458e-24 3.17037e-38 -2.40869e-24 -3.46542e-38 4.00327e-24 -7.41232e-40 2.40869e-24 5.80515e-39 3.68501e-24
