1302    1
0 0 0 -2 -8 -10 2.224361e-27 0 0 0 2.224361e-27 0 0 0 2.358277e-27
0 0 0 0 -8 -10 4.448723e-27 0 0 0 4.448723e-27 0 0 0 4.716554e-27
0 0 0 2 -8 -10 2.224361e-27 0 0 0 2.224361e-27 0 0 0 2.358277e-27
0 0 0 -1 -7 -10 -4.448723e-27 0 0 0 -4.448723e-27 0 0 0 -4.716554e-27
0 0 0 1 -7 -10 -4.448723e-27 0 0 0 -4.448723e-27 0 0 0 -4.716554e-27
0 0 0 -2 -6 -10 4.448723e-27 0 0 0 4.448723e-27 0 0 0 4.716554e-27
0 0 0 0 -6 -10 1.112181e-26 0 0 0 1.112181e-26 0 0 0 1.179138e-26
0 0 0 2 -6 -10 4.448723e-27 0 0 0 4.448723e-27 0 0 0 4.716554e-27
0 0 0 -5 -5 -10 4.448723e-27 0 0 0 4.448723e-27 0 0 0 4.716554e-27
0 0 0 -3 -5 -10 8.897445e-27 0 0 0 8.897445e-27 0 0 0 9.433108e-27
0 0 0 3 -5 -10 8.897445e-27 0 0 0 8.897445e-27 0 0 0 9.433108e-27
0 0 0 5 -5 -10 4.448723e-27 0 0 0 4.448723e-27 0 0 0 4.716554e-27
0 0 0 -4 -4 -10 -8.897445e-27 0 0 0 -8.897445e-27 0 0 0 -9.433108e-27
0 0 0 -2 -4 -10 -6.673084e-27 0 0 0 -6.673084e-27 0 0 0 -7.074831e-27
0 0 0 0 -4 -10 4.448723e-27 0 0 0 4.448723e-27 0 0 0 4.716554e-27
0 0 0 2 -4 -10 -6.673084e-27 0 0 0 -6.673084e-27 0 0 0 -7.074831e-27
0 0 0 4 -4 -10 -8.897445e-27 0 0 0 -8.897445e-27 0 0 0 -9.433108e-27
0 0 0 -5 -3 -10 8.897445e-27 0 0 0 8.897445e-27 0 0 0 9.433108e-27
0 0 0 -3 -3 -10 2.224361e-26 0 0 0 2.224361e-26 0 0 0 2.358277e-26
0 0 0 -1 -3 -10 8.897445e-27 0 0 0 8.897445e-27 0 0 0 9.433108e-27
0 0 0 1 -3 -10 8.897445e-27 0 0 0 8.897445e-27 0 0 0 9.433108e-27
0 0 0 3 -3 -10 2.224361e-26 0 0 0 2.224361e-26 0 0 0 2.358277e-26
0 0 0 5 -3 -10 8.897445e-27 0 0 0 8.897445e-27 0 0 0 9.433108e-27
0 0 0 -8 -2 -10 2.224361e-27 0 0 0 2.224361e-27 0 0 0 2.358277e-27
0 0 0 -6 -2 -10 4.448723e-27 0 0 0 4.448723e-27 0 0 0 4.716554e-27
0 0 0 -4 -2 -10 -6.673084e-27 0 0 0 -6.673084e-27 0 0 0 -7.074831e-27
0 0 0 0 -2 -10 -8.701702e-24 0 0 0 -8.701702e-24 0 0 0 -8.700630e-24
0 0 0 4 -2 -10 -6.673084e-27 0 0 0 -6.673084e-27 0 0 0 -7.074831e-27
0 0 0 6 -2 -10 4.448723e-27 0 0 0 4.448723e-27 0 0 0 4.716554e-27
0 0 0 8 -2 -10 2.224361e-27 0 0 0 2.224361e-27 0 0 0 2.358277e-27
0 0 0 -7 -1 -10 -4.448723e-27 0 0 0 -4.448723e-27 0 0 0 -4.716554e-27
0 0 0 -3 -1 -10 8.897445e-27 0 0 0 8.897445e-27 0 0 0 9.433108e-27
0 0 0 -1 -1 -10 -1.334617e-26 0 0 0 -1.334617e-26 0 0 0 -1.414966e-26
0 0 0 1 -1 -10 -1.334617e-26 0 0 0 -1.334617e-26 0 0 0 -1.414966e-26
0 0 0 3 -1 -10 8.897445e-27 0 0 0 8.897445e-27 0 0 0 9.433108e-27
0 0 0 7 -1 -10 -4.448723e-27 0 0 0 -4.448723e-27 0 0 0 -4.716554e-27
0 0 0 -8 0 -10 4.448723e-27 0 0 0 4.448723e-27 0 0 0 4.716554e-27
0 0 0 -6 0 -10 1.112181e-26 0 0 0 1.112181e-26 0 0 0 1.179138e-26
0 0 0 -4 0 -10 4.448723e-27 0 0 0 4.448723e-27 0 0 0 4.716554e-27
0 0 0 -2 0 -10 -8.701702e-24 0 0 0 -8.701702e-24 0 0 0 -8.700630e-24
0 0 0 0 0 -10 4.448723e-26 0 0 0 4.448723e-26 0 0 0 4.716554e-26
0 0 0 2 0 -10 -8.701702e-24 0 0 0 -8.701702e-24 0 0 0 -8.700630e-24
0 0 0 4 0 -10 4.448723e-27 0 0 0 4.448723e-27 0 0 0 4.716554e-27
0 0 0 6 0 -10 1.112181e-26 0 0 0 1.112181e-26 0 0 0 1.179138e-26
0 0 0 8 0 -10 4.448723e-27 0 0 0 4.448723e-27 0 0 0 4.716554e-27
0 0 0 -7 1 -10 -4.448723e-27 0 0 0 -4.448723e-27 0 0 0 -4.716554e-27
0 0 0 -3 1 -10 8.897445e-27 0 0 0 8.897445e-27 0 0 0 9.433108e-27
0 0 0 -1 1 -10 -1.334617e-26 0 0 0 -1.334617e-26 0 0 0 -1.414966e-26
0 0 0 1 1 -10 -1.334617e-26 0 0 0 -1.334617e-26 0 0 0 -1.414966e-26
0 0 0 3 1 -10 8.897445e-27 0 0 0 8.897445e-27 0 0 0 9.433108e-27
0 0 0 7 1 -10 -4.448723e-27 0 0 0 -4.448723e-27 0 0 0 -4.716554e-27
0 0 0 -8 2 -10 2.224361e-27 0 0 0 2.224361e-27 0 0 0 2.358277e-27
0 0 0 -6 2 -10 4.448723e-27 0 0 0 4.448723e-27 0 0 0 4.716554e-27
0 0 0 -4 2 -10 -6.673084e-27 0 0 0 -6.673084e-27 0 0 0 -7.074831e-27
0 0 0 0 2 -10 -8.701702e-24 0 0 0 -8.701702e-24 0 0 0 -8.700630e-24
0 0 0 4 2 -10 -6.673084e-27 0 0 0 -6.673084e-27 0 0 0 -7.074831e-27
0 0 0 6 2 -10 4.448723e-27 0 0 0 4.448723e-27 0 0 0 4.716554e-27
0 0 0 8 2 -10 2.224361e-27 0 0 0 2.224361e-27 0 0 0 2.358277e-27
0 0 0 -5 3 -10 8.897445e-27 0 0 0 8.897445e-27 0 0 0 9.433108e-27
0 0 0 -3 3 -10 2.224361e-26 0 0 0 2.224361e-26 0 0 0 2.358277e-26
0 0 0 -1 3 -10 8.897445e-27 0 0 0 8.897445e-27 0 0 0 9.433108e-27
0 0 0 1 3 -10 8.897445e-27 0 0 0 8.897445e-27 0 0 0 9.433108e-27
0 0 0 3 3 -10 2.224361e-26 0 0 0 2.224361e-26 0 0 0 2.358277e-26
0 0 0 5 3 -10 8.897445e-27 0 0 0 8.897445e-27 0 0 0 9.433108e-27
0 0 0 -4 4 -10 -8.897445e-27 0 0 0 -8.897445e-27 0 0 0 -9.433108e-27
0 0 0 -2 4 -10 -6.673084e-27 0 0 0 -6.673084e-27 0 0 0 -7.074831e-27
0 0 0 0 4 -10 4.448723e-27 0 0 0 4.448723e-27 0 0 0 4.716554e-27
0 0 0 2 4 -10 -6.673084e-27 0 0 0 -6.673084e-27 0 0 0 -7.074831e-27
0 0 0 4 4 -10 -8.897445e-27 0 0 0 -8.897445e-27 0 0 0 -9.433108e-27
0 0 0 -5 5 -10 4.448723e-27 0 0 0 4.448723e-27 0 0 0 4.716554e-27
0 0 0 -3 5 -10 8.897445e-27 0 0 0 8.897445e-27 0 0 0 9.433108e-27
0 0 0 3 5 -10 8.897445e-27 0 0 0 8.897445e-27 0 0 0 9.433108e-27
0 0 0 5 5 -10 4.448723e-27 0 0 0 4.448723e-27 0 0 0 4.716554e-27
0 0 0 -2 6 -10 4.448723e-27 0 0 0 4.448723e-27 0 0 0 4.716554e-27
0 0 0 0 6 -10 1.112181e-26 0 0 0 1.112181e-26 0 0 0 1.179138e-26
0 0 0 2 6 -10 4.448723e-27 0 0 0 4.448723e-27 0 0 0 4.716554e-27
0 0 0 -1 7 -10 -4.448723e-27 0 0 0 -4.448723e-27 0 0 0 -4.716554e-27
0 0 0 1 7 -10 -4.448723e-27 0 0 0 -4.448723e-27 0 0 0 -4.716554e-27
0 0 0 -2 8 -10 2.224361e-27 0 0 0 2.224361e-27 0 0 0 2.358277e-27
0 0 0 0 8 -10 4.448723e-27 0 0 0 4.448723e-27 0 0 0 4.716554e-27
0 0 0 2 8 -10 2.224361e-27 0 0 0 2.224361e-27 0 0 0 2.358277e-27
0 0 0 -2 -8 -8 -4.448723e-27 0 0 0 -4.448723e-27 0 0 0 -4.716554e-27
0 0 0 0 -8 -8 -8.897445e-27 0 0 0 -8.897445e-27 0 0 0 -9.433108e-27
0 0 0 2 -8 -8 -4.448723e-27 0 0 0 -4.448723e-27 0 0 0 -4.716554e-27
0 0 0 -2 -6 -8 4.346402e-24 0 0 0 4.346402e-24 0 0 0 4.345599e-24
0 0 0 0 -6 -8 -4.381992e-24 0 0 0 -4.381992e-24 0 0 0 -4.383331e-24
0 0 0 2 -6 -8 4.346402e-24 0 0 0 4.346402e-24 0 0 0 4.345599e-24
0 0 0 -5 -5 -8 -8.897445e-27 0 0 0 -8.897445e-27 0 0 0 -9.433108e-27
0 0 0 -3 -5 -8 -8.741740e-24 0 0 0 -8.741740e-24 0 0 0 -8.743079e-24
0 0 0 -1 -5 -8 8.897445e-27 0 0 0 8.897445e-27 0 0 0 9.433108e-27
0 0 0 1 -5 -8 8.897445e-27 0 0 0 8.897445e-27 0 0 0 9.433108e-27
0 0 0 3 -5 -8 -8.741740e-24 0 0 0 -8.741740e-24 0 0 0 -8.743079e-24
0 0 0 5 -5 -8 -8.897445e-27 0 0 0 -8.897445e-27 0 0 0 -9.433108e-27
0 0 0 -4 -4 -8 -8.719496e-24 0 0 0 -8.719496e-24 0 0 0 -8.719496e-24
0 0 0 -2 -4 -8 8.732843e-24 0 0 0 8.732843e-24 0 0 0 8.733646e-24
0 0 0 0 -4 -8 -8.719496e-24 0 0 0 -8.719496e-24 0 0 0 -8.719496e-24
0 0 0 2 -4 -8 8.732843e-24 0 0 0 8.732843e-24 0 0 0 8.733646e-24
0 0 0 4 -4 -8 -8.719496e-24 0 0 0 -8.719496e-24 0 0 0 -8.719496e-24
0 0 0 -5 -3 -8 -8.741740e-24 0 0 0 -8.741740e-24 0 0 0 -8.743079e-24
0 0 0 -3 -3 -8 8.675009e-24 0 0 0 8.675009e-24 0 0 0 8.672331e-24
0 0 0 -1 -3 -8 -4.373094e-24 0 0 0 -4.373094e-24 0 0 0 -4.373898e-24
0 0 0 1 -3 -8 -4.373094e-24 0 0 0 -4.373094e-24 0 0 0 -4.373898e-24
0 0 0 3 -3 -8 8.675009e-24 0 0 0 8.675009e-24 0 0 0 8.672331e-24
0 0 0 5 -3 -8 -8.741740e-24 0 0 0 -8.741740e-24 0 0 0 -8.743079e-24
0 0 0 -8 -2 -8 -4.448723e-27 0 0 0 -4.448723e-27 0 0 0 -4.716554e-27
0 0 0 -6 -2 -8 4.346402e-24 0 0 0 4.346402e-24 0 0 0 4.345599e-24
0 0 0 -4 -2 -8 8.732843e-24 0 0 0 8.732843e-24 0 0 0 8.733646e-24
0 0 0 -2 -2 -8 8.737291e-24 0 0 0 8.737291e-24 0 0 0 8.738363e-24
0 0 0 0 -2 -8 -3.558978e-26 0 0 0 -3.558978e-26 0 0 0 -3.773243e-26
0 0 0 2 -2 -8 8.737291e-24 0 0 0 8.737291e-24 0 0 0 8.738363e-24
0 0 0 4 -2 -8 8.732843e-24 0 0 0 8.732843e-24 0 0 0 8.733646e-24
0 0 0 6 -2 -8 4.346402e-24 0 0 0 4.346402e-24 0 0 0 4.345599e-24
0 0 0 8 -2 -8 -4.448723e-27 0 0 0 -4.448723e-27 0 0 0 -4.716554e-27
0 0 0 -5 -1 -8 8.897445e-27 0 0 0 8.897445e-27 0 0 0 9.433108e-27
0 0 0 -3 -1 -8 -4.373094e-24 0 0 0 -4.373094e-24 0 0 0 -4.373898e-24
0 0 0 -1 -1 -8 -1.305255e-23 0 0 0 -1.305255e-23 0 0 0 -1.305095e-23
0 0 0 1 -1 -8 -1.305255e-23 0 0 0 -1.305255e-23 0 0 0 -1.305095e-23
0 0 0 3 -1 -8 -4.373094e-24 0 0 0 -4.373094e-24 0 0 0 -4.373898e-24
0 0 0 5 -1 -8 8.897445e-27 0 0 0 8.897445e-27 0 0 0 9.433108e-27
0 0 0 -8 0 -8 -8.897445e-27 0 0 0 -8.897445e-27 0 0 0 -9.433108e-27
0 0 0 -6 0 -8 -4.381992e-24 0 0 0 -4.381992e-24 0 0 0 -4.383331e-24
0 0 0 -4 0 -8 -8.719496e-24 0 0 0 -8.719496e-24 0 0 0 -8.719496e-24
0 0 0 -2 0 -8 -3.558978e-26 0 0 0 -3.558978e-26 0 0 0 -3.773243e-26
0 0 0 0 0 -8 2.170977e-23 0 0 0 2.170977e-23 0 0 0 2.170441e-23
0 0 0 2 0 -8 -3.558978e-26 0 0 0 -3.558978e-26 0 0 0 -3.773243e-26
0 0 0 4 0 -8 -8.719496e-24 0 0 0 -8.719496e-24 0 0 0 -8.719496e-24
0 0 0 6 0 -8 -4.381992e-24 0 0 0 -4.381992e-24 0 0 0 -4.383331e-24
0 0 0 8 0 -8 -8.897445e-27 0 0 0 -8.897445e-27 0 0 0 -9.433108e-27
0 0 0 -5 1 -8 8.897445e-27 0 0 0 8.897445e-27 0 0 0 9.433108e-27
0 0 0 -3 1 -8 -4.373094e-24 0 0 0 -4.373094e-24 0 0 0 -4.373898e-24
0 0 0 -1 1 -8 -1.305255e-23 0 0 0 -1.305255e-23 0 0 0 -1.305095e-23
0 0 0 1 1 -8 -1.305255e-23 0 0 0 -1.305255e-23 0 0 0 -1.305095e-23
0 0 0 3 1 -8 -4.373094e-24 0 0 0 -4.373094e-24 0 0 0 -4.373898e-24
0 0 0 5 1 -8 8.897445e-27 0 0 0 8.897445e-27 0 0 0 9.433108e-27
0 0 0 -8 2 -8 -4.448723e-27 0 0 0 -4.448723e-27 0 0 0 -4.716554e-27
0 0 0 -6 2 -8 4.346402e-24 0 0 0 4.346402e-24 0 0 0 4.345599e-24
0 0 0 -4 2 -8 8.732843e-24 0 0 0 8.732843e-24 0 0 0 8.733646e-24
0 0 0 -2 2 -8 8.737291e-24 0 0 0 8.737291e-24 0 0 0 8.738363e-24
0 0 0 0 2 -8 -3.558978e-26 0 0 0 -3.558978e-26 0 0 0 -3.773243e-26
0 0 0 2 2 -8 8.737291e-24 0 0 0 8.737291e-24 0 0 0 8.738363e-24
0 0 0 4 2 -8 8.732843e-24 0 0 0 8.732843e-24 0 0 0 8.733646e-24
0 0 0 6 2 -8 4.346402e-24 0 0 0 4.346402e-24 0 0 0 4.345599e-24
0 0 0 8 2 -8 -4.448723e-27 0 0 0 -4.448723e-27 0 0 0 -4.716554e-27
0 0 0 -5 3 -8 -8.741740e-24 0 0 0 -8.741740e-24 0 0 0 -8.743079e-24
0 0 0 -3 3 -8 8.675009e-24 0 0 0 8.675009e-24 0 0 0 8.672331e-24
0 0 0 -1 3 -8 -4.373094e-24 0 0 0 -4.373094e-24 0 0 0 -4.373898e-24
0 0 0 1 3 -8 -4.373094e-24 0 0 0 -4.373094e-24 0 0 0 -4.373898e-24
0 0 0 3 3 -8 8.675009e-24 0 0 0 8.675009e-24 0 0 0 8.672331e-24
0 0 0 5 3 -8 -8.741740e-24 0 0 0 -8.741740e-24 0 0 0 -8.743079e-24
0 0 0 -4 4 -8 -8.719496e-24 0 0 0 -8.719496e-24 0 0 0 -8.719496e-24
0 0 0 -2 4 -8 8.732843e-24 0 0 0 8.732843e-24 0 0 0 8.733646e-24
0 0 0 0 4 -8 -8.719496e-24 0 0 0 -8.719496e-24 0 0 0 -8.719496e-24
0 0 0 2 4 -8 8.732843e-24 0 0 0 8.732843e-24 0 0 0 8.733646e-24
0 0 0 4 4 -8 -8.719496e-24 0 0 0 -8.719496e-24 0 0 0 -8.719496e-24
0 0 0 -5 5 -8 -8.897445e-27 0 0 0 -8.897445e-27 0 0 0 -9.433108e-27
0 0 0 -3 5 -8 -8.741740e-24 0 0 0 -8.741740e-24 0 0 0 -8.743079e-24
0 0 0 -1 5 -8 8.897445e-27 0 0 0 8.897445e-27 0 0 0 9.433108e-27
0 0 0 1 5 -8 8.897445e-27 0 0 0 8.897445e-27 0 0 0 9.433108e-27
0 0 0 3 5 -8 -8.741740e-24 0 0 0 -8.741740e-24 0 0 0 -8.743079e-24
0 0 0 5 5 -8 -8.897445e-27 0 0 0 -8.897445e-27 0 0 0 -9.433108e-27
0 0 0 -2 6 -8 4.346402e-24 0 0 0 4.346402e-24 0 0 0 4.345599e-24
0 0 0 0 6 -8 -4.381992e-24 0 0 0 -4.381992e-24 0 0 0 -4.383331e-24
0 0 0 2 6 -8 4.346402e-24 0 0 0 4.346402e-24 0 0 0 4.345599e-24
0 0 0 -2 8 -8 -4.448723e-27 0 0 0 -4.448723e-27 0 0 0 -4.716554e-27
0 0 0 0 8 -8 -8.897445e-27 0 0 0 -8.897445e-27 0 0 0 -9.433108e-27
0 0 0 2 8 -8 -4.448723e-27 0 0 0 -4.448723e-27 0 0 0 -4.716554e-27
0 0 0 -4 -8 -6 -4.448723e-27 0 0 0 -4.448723e-27 0 0 0 -4.716554e-27
0 0 0 -2 -8 -6 -2.224361e-27 0 0 0 -2.224361e-27 0 0 0 -2.358277e-27
0 0 0 0 -8 -6 8.723945e-24 0 0 0 8.723945e-24 0 0 0 8.724213e-24
0 0 0 2 -8 -6 -2.224361e-27 0 0 0 -2.224361e-27 0 0 0 -2.358277e-27
0 0 0 4 -8 -6 -4.448723e-27 0 0 0 -4.448723e-27 0 0 0 -4.716554e-27
0 0 0 -5 -7 -6 -4.448723e-27 0 0 0 -4.448723e-27 0 0 0 -4.716554e-27
0 0 0 -3 -7 -6 4.346402e-24 0 0 0 4.346402e-24 0 0 0 4.345599e-24
0 0 0 3 -7 -6 4.346402e-24 0 0 0 4.346402e-24 0 0 0 4.345599e-24
0 0 0 5 -7 -6 -4.448723e-27 0 0 0 -4.448723e-27 0 0 0 -4.716554e-27
0 0 0 -4 -6 -6 -8.732843e-24 0 0 0 -8.732843e-24 0 0 0 -8.733646e-24
0 0 0 -2 -6 -6 1.756801e-23 0 0 0 1.756801e-23 0 0 0 1.757577e-23
0 0 0 0 -6 -6 3.513824e-23 0 0 0 3.513824e-23 0 0 0 3.515390e-23
0 0 0 2 -6 -6 1.756801e-23 0 0 0 1.756801e-23 0 0 0 1.757577e-23
0 0 0 4 -6 -6 -8.732843e-24 0 0 0 -8.732843e-24 0 0 0 -8.733646e-24
0 0 0 -7 -5 -6 -4.448723e-27 0 0 0 -4.448723e-27 0 0 0 -4.716554e-27
0 0 0 -5 -5 -6 -4.364197e-24 0 0 0 -4.364197e-24 0 0 0 -4.364465e-24
0 0 0 -3 -5 -6 1.334617e-25 0 0 0 1.334617e-25 0 0 0 1.414966e-25
0 0 0 -1 -5 -6 -2.966408e-23 0 0 0 -2.966408e-23 0 0 0 -2.961266e-23
0 0 0 1 -5 -6 -2.966408e-23 0 0 0 -2.966408e-23 0 0 0 -2.961266e-23
0 0 0 3 -5 -6 1.334617e-25 0 0 0 1.334617e-25 0 0 0 1.414966e-25
0 0 0 5 -5 -6 -4.364197e-24 0 0 0 -4.364197e-24 0 0 0 -4.364465e-24
0 0 0 7 -5 -6 -4.448723e-27 0 0 0 -4.448723e-27 0 0 0 -4.716554e-27
0 0 0 -8 -4 -6 -4.448723e-27 0 0 0 -4.448723e-27 0 0 0 -4.716554e-27
0 0 0 -6 -4 -6 -8.732843e-24 0 0 0 -8.732843e-24 0 0 0 -8.733646e-24
0 0 0 -4 -4 -6 -2.615849e-23 0 0 0 -2.615849e-23 0 0 0 -2.615849e-23
0 0 0 -2 -4 -6 2.265734e-23 0 0 0 2.265734e-23 0 0 0 2.270904e-23
0 0 0 0 -4 -6 3.593233e-23 0 0 0 3.593233e-23 0 0 0 3.599581e-23
0 0 0 2 -4 -6 2.265734e-23 0 0 0 2.265734e-23 0 0 0 2.270904e-23
0 0 0 4 -4 -6 -2.615849e-23 0 0 0 -2.615849e-23 0 0 0 -2.615849e-23
0 0 0 6 -4 -6 -8.732843e-24 0 0 0 -8.732843e-24 0 0 0 -8.733646e-24
0 0 0 8 -4 -6 -4.448723e-27 0 0 0 -4.448723e-27 0 0 0 -4.716554e-27
0 0 0 -7 -3 -6 4.346402e-24 0 0 0 4.346402e-24 0 0 0 4.345599e-24
0 0 0 -5 -3 -6 1.334617e-25 0 0 0 1.334617e-25 0 0 0 1.414966e-25
0 0 0 -3 -3 -6 2.668344e-23 0 0 0 2.668344e-23 0 0 0 2.671504e-23
0 0 0 -1 -3 -6 -3.805882e-23 0 0 0 -3.805882e-23 0 0 0 -3.798785e-23
0 0 0 1 -3 -6 -3.805882e-23 0 0 0 -3.805882e-23 0 0 0 -3.798785e-23
0 0 0 3 -3 -6 2.668344e-23 0 0 0 2.668344e-23 0 0 0 2.671504e-23
0 0 0 5 -3 -6 1.334617e-25 0 0 0 1.334617e-25 0 0 0 1.414966e-25
0 0 0 7 -3 -6 4.346402e-24 0 0 0 4.346402e-24 0 0 0 4.345599e-24
0 0 0 -8 -2 -6 -2.224361e-27 0 0 0 -2.224361e-27 0 0 0 -2.358277e-27
0 0 0 -6 -2 -6 1.756801e-23 0 0 0 1.756801e-23 0 0 0 1.757577e-23
0 0 0 -4 -2 -6 2.265734e-23 0 0 0 2.265734e-23 0 0 0 2.270904e-23
0 0 0 -2 -2 -6 -1.575738e-23 0 0 0 -1.575738e-23 0 0 0 -1.565614e-23
0 0 0 0 -2 -6 4.058125e-23 0 0 0 4.058125e-23 0 0 0 4.066213e-23
0 0 0 2 -2 -6 -1.575738e-23 0 0 0 -1.575738e-23 0 0 0 -1.565614e-23
0 0 0 4 -2 -6 2.265734e-23 0 0 0 2.265734e-23 0 0 0 2.270904e-23
0 0 0 6 -2 -6 1.756801e-23 0 0 0 1.756801e-23 0 0 0 1.757577e-23
0 0 0 8 -2 -6 -2.224361e-27 0 0 0 -2.224361e-27 0 0 0 -2.358277e-27
0 0 0 -5 -1 -6 -2.966408e-23 0 0 0 -2.966408e-23 0 0 0 -2.961266e-23
0 0 0 -3 -1 -6 -3.805882e-23 0 0 0 -3.805882e-23 0 0 0 -3.798785e-23
0 0 0 -1 -1 -6 -1.131755e-23 0 0 0 -1.131755e-23 0 0 0 -1.121149e-23
0 0 0 1 -1 -6 -1.131755e-23 0 0 0 -1.131755e-23 0 0 0 -1.121149e-23
0 0 0 3 -1 -6 -3.805882e-23 0 0 0 -3.805882e-23 0 0 0 -3.798785e-23
0 0 0 5 -1 -6 -2.966408e-23 0 0 0 -2.966408e-23 0 0 0 -2.961266e-23
0 0 0 -8 0 -6 8.723945e-24 0 0 0 8.723945e-24 0 0 0 8.724213e-24
0 0 0 -6 0 -6 3.513824e-23 0 0 0 3.513824e-23 0 0 0 3.515390e-23
0 0 0 -4 0 -6 3.593233e-23 0 0 0 3.593233e-23 0 0 0 3.599581e-23
0 0 0 -2 0 -6 4.058125e-23 0 0 0 4.058125e-23 0 0 0 4.066213e-23
0 0 0 0 0 -6 1.864015e-23 0 0 0 1.864015e-23 0 0 0 1.871246e-23
0 0 0 2 0 -6 4.058125e-23 0 0 0 4.058125e-23 0 0 0 4.066213e-23
0 0 0 4 0 -6 3.593233e-23 0 0 0 3.593233e-23 0 0 0 3.599581e-23
0 0 0 6 0 -6 3.513824e-23 0 0 0 3.513824e-23 0 0 0 3.515390e-23
0 0 0 8 0 -6 8.723945e-24 0 0 0 8.723945e-24 0 0 0 8.724213e-24
0 0 0 -5 1 -6 -2.966408e-23 0 0 0 -2.966408e-23 0 0 0 -2.961266e-23
0 0 0 -3 1 -6 -3.805882e-23 0 0 0 -3.805882e-23 0 0 0 -3.798785e-23
0 0 0 -1 1 -6 -1.131755e-23 0 0 0 -1.131755e-23 0 0 0 -1.121149e-23
0 0 0 1 1 -6 -1.131755e-23 0 0 0 -1.131755e-23 0 0 0 -1.121149e-23
0 0 0 3 1 -6 -3.805882e-23 0 0 0 -3.805882e-23 0 0 0 -3.798785e-23
0 0 0 5 1 -6 -2.966408e-23 0 0 0 -2.966408e-23 0 0 0 -2.961266e-23
0 0 0 -8 2 -6 -2.224361e-27 0 0 0 -2.224361e-27 0 0 0 -2.358277e-27
0 0 0 -6 2 -6 1.756801e-23 0 0 0 1.756801e-23 0 0 0 1.757577e-23
0 0 0 -4 2 -6 2.265734e-23 0 0 0 2.265734e-23 0 0 0 2.270904e-23
0 0 0 -2 2 -6 -1.575738e-23 0 0 0 -1.575738e-23 0 0 0 -1.565614e-23
0 0 0 0 2 -6 4.058125e-23 0 0 0 4.058125e-23 0 0 0 4.066213e-23
0 0 0 2 2 -6 -1.575738e-23 0 0 0 -1.575738e-23 0 0 0 -1.565614e-23
0 0 0 4 2 -6 2.265734e-23 0 0 0 2.265734e-23 0 0 0 2.270904e-23
0 0 0 6 2 -6 1.756801e-23 0 0 0 1.756801e-23 0 0 0 1.757577e-23
0 0 0 8 2 -6 -2.224361e-27 0 0 0 -2.224361e-27 0 0 0 -2.358277e-27
0 0 0 -7 3 -6 4.346402e-24 0 0 0 4.346402e-24 0 0 0 4.345599e-24
0 0 0 -5 3 -6 1.334617e-25 0 0 0 1.334617e-25 0 0 0 1.414966e-25
0 0 0 -3 3 -6 2.668344e-23 0 0 0 2.668344e-23 0 0 0 2.671504e-23
0 0 0 -1 3 -6 -3.805882e-23 0 0 0 -3.805882e-23 0 0 0 -3.798785e-23
0 0 0 1 3 -6 -3.805882e-23 0 0 0 -3.805882e-23 0 0 0 -3.798785e-23
0 0 0 3 3 -6 2.668344e-23 0 0 0 2.668344e-23 0 0 0 2.671504e-23
0 0 0 5 3 -6 1.334617e-25 0 0 0 1.334617e-25 0 0 0 1.414966e-25
0 0 0 7 3 -6 4.346402e-24 0 0 0 4.346402e-24 0 0 0 4.345599e-24
0 0 0 -8 4 -6 -4.448723e-27 0 0 0 -4.448723e-27 0 0 0 -4.716554e-27
0 0 0 -6 4 -6 -8.732843e-24 0 0 0 -8.732843e-24 0 0 0 -8.733646e-24
0 0 0 -4 4 -6 -2.615849e-23 0 0 0 -2.615849e-23 0 0 0 -2.615849e-23
0 0 0 -2 4 -6 2.265734e-23 0 0 0 2.265734e-23 0 0 0 2.270904e-23
0 0 0 0 4 -6 3.593233e-23 0 0 0 3.593233e-23 0 0 0 3.599581e-23
0 0 0 2 4 -6 2.265734e-23 0 0 0 2.265734e-23 0 0 0 2.270904e-23
0 0 0 4 4 -6 -2.615849e-23 0 0 0 -2.615849e-23 0 0 0 -2.615849e-23
0 0 0 6 4 -6 -8.732843e-24 0 0 0 -8.732843e-24 0 0 0 -8.733646e-24
0 0 0 8 4 -6 -4.448723e-27 0 0 0 -4.448723e-27 0 0 0 -4.716554e-27
0 0 0 -7 5 -6 -4.448723e-27 0 0 0 -4.448723e-27 0 0 0 -4.716554e-27
0 0 0 -5 5 -6 -4.364197e-24 0 0 0 -4.364197e-24 0 0 0 -4.364465e-24
0 0 0 -3 5 -6 1.334617e-25 0 0 0 1.334617e-25 0 0 0 1.414966e-25
0 0 0 -1 5 -6 -2.966408e-23 0 0 0 -2.966408e-23 0 0 0 -2.961266e-23
0 0 0 1 5 -6 -2.966408e-23 0 0 0 -2.966408e-23 0 0 0 -2.961266e-23
0 0 0 3 5 -6 1.334617e-25 0 0 0 1.334617e-25 0 0 0 1.414966e-25
0 0 0 5 5 -6 -4.364197e-24 0 0 0 -4.364197e-24 0 0 0 -4.364465e-24
0 0 0 7 5 -6 -4.448723e-27 0 0 0 -4.448723e-27 0 0 0 -4.716554e-27
0 0 0 -4 6 -6 -8.732843e-24 0 0 0 -8.732843e-24 0 0 0 -8.733646e-24
0 0 0 -2 6 -6 1.756801e-23 0 0 0 1.756801e-23 0 0 0 1.757577e-23
0 0 0 0 6 -6 3.513824e-23 0 0 0 3.513824e-23 0 0 0 3.515390e-23
0 0 0 2 6 -6 1.756801e-23 0 0 0 1.756801e-23 0 0 0 1.757577e-23
0 0 0 4 6 -6 -8.732843e-24 0 0 0 -8.732843e-24 0 0 0 -8.733646e-24
0 0 0 -5 7 -6 -4.448723e-27 0 0 0 -4.448723e-27 0 0 0 -4.716554e-27
0 0 0 -3 7 -6 4.346402e-24 0 0 0 4.346402e-24 0 0 0 4.345599e-24
0 0 0 3 7 -6 4.346402e-24 0 0 0 4.346402e-24 0 0 0 4.345599e-24
0 0 0 5 7 -6 -4.448723e-27 0 0 0 -4.448723e-27 0 0 0 -4.716554e-27
0 0 0 -4 8 -6 -4.448723e-27 0 0 0 -4.448723e-27 0 0 0 -4.716554e-27
0 0 0 -2 8 -6 -2.224361e-27 0 0 0 -2.224361e-27 0 0 0 -2.358277e-27
0 0 0 0 8 -6 8.723945e-24 0 0 0 8.723945e-24 0 0 0 8.724213e-24
0 0 0 2 8 -6 -2.224361e-27 0 0 0 -2.224361e-27 0 0 0 -2.358277e-27
0 0 0 4 8 -6 -4.448723e-27 0 0 0 -4.448723e-27 0 0 0 -4.716554e-27
0 0 0 -1 -9 -4 1.743899e-23 0 0 0 1.743899e-23 0 0 0 1.743899e-23
0 0 0 1 -9 -4 1.743899e-23 0 0 0 1.743899e-23 0 0 0 1.743899e-23
0 0 0 -4 -8 -4 -8.719496e-24 0 0 0 -8.719496e-24 0 0 0 -8.719496e-24
0 0 0 -2 -8 -4 4.359748e-24 0 0 0 4.359748e-24 0 0 0 4.359748e-24
0 0 0 0 -8 -4 1.307924e-23 0 0 0 1.307924e-23 0 0 0 1.307924e-23
0 0 0 2 -8 -4 4.359748e-24 0 0 0 4.359748e-24 0 0 0 4.359748e-24
0 0 0 4 -8 -4 -8.719496e-24 0 0 0 -8.719496e-24 0 0 0 -8.719496e-24
0 0 0 -5 -7 -4 1.307924e-23 0 0 0 1.307924e-23 0 0 0 1.307924e-23
0 0 0 -3 -7 -4 4.368646e-24 0 0 0 4.368646e-24 0 0 0 4.369181e-24
0 0 0 -1 -7 -4 4.359748e-24 0 0 0 4.359748e-24 0 0 0 4.359748e-24
0 0 0 1 -7 -4 4.359748e-24 0 0 0 4.359748e-24 0 0 0 4.359748e-24
0 0 0 3 -7 -4 4.368646e-24 0 0 0 4.368646e-24 0 0 0 4.369181e-24
0 0 0 5 -7 -4 1.307924e-23 0 0 0 1.307924e-23 0 0 0 1.307924e-23
0 0 0 -6 -6 -4 1.307924e-23 0 0 0 1.307924e-23 0 0 0 1.307924e-23
0 0 0 -4 -6 -4 1.334617e-26 0 0 0 1.334617e-26 0 0 0 1.414966e-26
0 0 0 -2 -6 -4 -3.484684e-23 0 0 0 -3.484684e-23 0 0 0 -3.484497e-23
0 0 0 0 -6 -4 -4.361528e-23 0 0 0 -4.361528e-23 0 0 0 -4.361635e-23
0 0 0 2 -6 -4 -3.484684e-23 0 0 0 -3.484684e-23 0 0 0 -3.484497e-23
0 0 0 4 -6 -4 1.334617e-26 0 0 0 1.334617e-26 0 0 0 1.414966e-26
0 0 0 6 -6 -4 1.307924e-23 0 0 0 1.307924e-23 0 0 0 1.307924e-23
0 0 0 -7 -5 -4 1.307924e-23 0 0 0 1.307924e-23 0 0 0 1.307924e-23
0 0 0 -5 -5 -4 8.728394e-24 0 0 0 8.728394e-24 0 0 0 8.728930e-24
0 0 0 -3 -5 -4 2.669234e-26 0 0 0 2.669234e-26 0 0 0 2.829932e-26
0 0 0 -1 -5 -4 1.719876e-23 0 0 0 1.719876e-23 0 0 0 1.718430e-23
0 0 0 1 -5 -4 1.719876e-23 0 0 0 1.719876e-23 0 0 0 1.718430e-23
0 0 0 3 -5 -4 2.669234e-26 0 0 0 2.669234e-26 0 0 0 2.829932e-26
0 0 0 5 -5 -4 8.728394e-24 0 0 0 8.728394e-24 0 0 0 8.728930e-24
0 0 0 7 -5 -4 1.307924e-23 0 0 0 1.307924e-23 0 0 0 1.307924e-23
0 0 0 -8 -4 -4 -8.719496e-24 0 0 0 -8.719496e-24 0 0 0 -8.719496e-24
0 0 0 -6 -4 -4 1.334617e-26 0 0 0 1.334617e-26 0 0 0 1.414966e-26
0 0 0 -4 -4 -4 -4.368646e-24 0 0 0 -4.368646e-24 0 0 0 -4.369181e-24
0 0 0 -2 -4 -4 -2.223472e-23 0 0 0 -2.223472e-23 0 0 0 -2.226096e-23
0 0 0 0 -4 -4 -1.062355e-23 0 0 0 -1.062355e-23 0 0 0 -1.073818e-23
0 0 0 2 -4 -4 -2.223472e-23 0 0 0 -2.223472e-23 0 0 0 -2.226096e-23
0 0 0 4 -4 -4 -4.368646e-24 0 0 0 -4.368646e-24 0 0 0 -4.369181e-24
0 0 0 6 -4 -4 1.334617e-26 0 0 0 1.334617e-26 0 0 0 1.414966e-26
0 0 0 8 -4 -4 -8.719496e-24 0 0 0 -8.719496e-24 0 0 0 -8.719496e-24
0 0 0 -7 -3 -4 4.368646e-24 0 0 0 4.368646e-24 0 0 0 4.369181e-24
0 0 0 -5 -3 -4 2.669234e-26 0 0 0 2.669234e-26 0 0 0 2.829932e-26
0 0 0 -3 -3 -4 2.573141e-23 0 0 0 2.573141e-23 0 0 0 2.570570e-23
0 0 0 -1 -3 -4 2.384070e-23 0 0 0 2.384070e-23 0 0 0 2.370116e-23
0 0 0 1 -3 -4 2.384070e-23 0 0 0 2.384070e-23 0 0 0 2.370116e-23
0 0 0 3 -3 -4 2.573141e-23 0 0 0 2.573141e-23 0 0 0 2.570570e-23
0 0 0 5 -3 -4 2.669234e-26 0 0 0 2.669234e-26 0 0 0 2.829932e-26
0 0 0 7 -3 -4 4.368646e-24 0 0 0 4.368646e-24 0 0 0 4.369181e-24
0 0 0 -8 -2 -4 4.359748e-24 0 0 0 4.359748e-24 0 0 0 4.359748e-24
0 0 0 -6 -2 -4 -3.484684e-23 0 0 0 -3.484684e-23 0 0 0 -3.484497e-23
0 0 0 -4 -2 -4 -2.223472e-23 0 0 0 -2.223472e-23 0 0 0 -2.226096e-23
0 0 0 -2 -2 -4 -2.315115e-23 0 0 0 -2.315115e-23 0 0 0 -2.323257e-23
0 0 0 0 -2 -4 -1.517281e-22 0 0 0 -1.517281e-22 0 0 0 -1.516762e-22
0 0 0 2 -2 -4 -2.315115e-23 0 0 0 -2.315115e-23 0 0 0 -2.323257e-23
0 0 0 4 -2 -4 -2.223472e-23 0 0 0 -2.223472e-23 0 0 0 -2.226096e-23
0 0 0 6 -2 -4 -3.484684e-23 0 0 0 -3.484684e-23 0 0 0 -3.484497e-23
0 0 0 8 -2 -4 4.359748e-24 0 0 0 4.359748e-24 0 0 0 4.359748e-24
0 0 0 -9 -1 -4 1.743899e-23 0 0 0 1.743899e-23 0 0 0 1.743899e-23
0 0 0 -7 -1 -4 4.359748e-24 0 0 0 4.359748e-24 0 0 0 4.359748e-24
0 0 0 -5 -1 -4 1.719876e-23 0 0 0 1.719876e-23 0 0 0 1.718430e-23
0 0 0 -3 -1 -4 2.384070e-23 0 0 0 2.384070e-23 0 0 0 2.370116e-23
0 0 0 -1 -1 -4 3.019259e-22 0 0 0 3.019259e-22 0 0 0 3.022548e-22
0 0 0 1 -1 -4 3.019259e-22 0 0 0 3.019259e-22 0 0 0 3.022548e-22
0 0 0 3 -1 -4 2.384070e-23 0 0 0 2.384070e-23 0 0 0 2.370116e-23
0 0 0 5 -1 -4 1.719876e-23 0 0 0 1.719876e-23 0 0 0 1.718430e-23
0 0 0 7 -1 -4 4.359748e-24 0 0 0 4.359748e-24 0 0 0 4.359748e-24
0 0 0 9 -1 -4 1.743899e-23 0 0 0 1.743899e-23 0 0 0 1.743899e-23
0 0 0 -8 0 -4 1.307924e-23 0 0 0 1.307924e-23 0 0 0 1.307924e-23
0 0 0 -6 0 -4 -4.361528e-23 0 0 0 -4.361528e-23 0 0 0 -4.361635e-23
0 0 0 -4 0 -4 -1.062355e-23 0 0 0 -1.062355e-23 0 0 0 -1.073818e-23
0 0 0 -2 0 -4 -1.517281e-22 0 0 0 -1.517281e-22 0 0 0 -1.516762e-22
0 0 0 0 0 -4 1.043670e-22 0 0 0 1.043670e-22 0 0 0 1.051384e-22
0 0 0 2 0 -4 -1.517281e-22 0 0 0 -1.517281e-22 0 0 0 -1.516762e-22
0 0 0 4 0 -4 -1.062355e-23 0 0 0 -1.062355e-23 0 0 0 -1.073818e-23
0 0 0 6 0 -4 -4.361528e-23 0 0 0 -4.361528e-23 0 0 0 -4.361635e-23
0 0 0 8 0 -4 1.307924e-23 0 0 0 1.307924e-23 0 0 0 1.307924e-23
0 0 0 -9 1 -4 1.743899e-23 0 0 0 1.743899e-23 0 0 0 1.743899e-23
0 0 0 -7 1 -4 4.359748e-24 0 0 0 4.359748e-24 0 0 0 4.359748e-24
0 0 0 -5 1 -4 1.719876e-23 0 0 0 1.719876e-23 0 0 0 1.718430e-23
0 0 0 -3 1 -4 2.384070e-23 0 0 0 2.384070e-23 0 0 0 2.370116e-23
0 0 0 -1 1 -4 3.019259e-22 0 0 0 3.019259e-22 0 0 0 3.022548e-22
0 0 0 1 1 -4 3.019259e-22 0 0 0 3.019259e-22 0 0 0 3.022548e-22
0 0 0 3 1 -4 2.384070e-23 0 0 0 2.384070e-23 0 0 0 2.370116e-23
0 0 0 5 1 -4 1.719876e-23 0 0 0 1.719876e-23 0 0 0 1.718430e-23
0 0 0 7 1 -4 4.359748e-24 0 0 0 4.359748e-24 0 0 0 4.359748e-24
0 0 0 9 1 -4 1.743899e-23 0 0 0 1.743899e-23 0 0 0 1.743899e-23
0 0 0 -8 2 -4 4.359748e-24 0 0 0 4.359748e-24 0 0 0 4.359748e-24
0 0 0 -6 2 -4 -3.484684e-23 0 0 0 -3.484684e-23 0 0 0 -3.484497e-23
0 0 0 -4 2 -4 -2.223472e-23 0 0 0 -2.223472e-23 0 0 0 -2.226096e-23
0 0 0 -2 2 -4 -2.315115e-23 0 0 0 -2.315115e-23 0 0 0 -2.323257e-23
0 0 0 0 2 -4 -1.517281e-22 0 0 0 -1.517281e-22 0 0 0 -1.516762e-22
0 0 0 2 2 -4 -2.315115e-23 0 0 0 -2.315115e-23 0 0 0 -2.323257e-23
0 0 0 4 2 -4 -2.223472e-23 0 0 0 -2.223472e-23 0 0 0 -2.226096e-23
0 0 0 6 2 -4 -3.484684e-23 0 0 0 -3.484684e-23 0 0 0 -3.484497e-23
0 0 0 8 2 -4 4.359748e-24 0 0 0 4.359748e-24 0 0 0 4.359748e-24
0 0 0 -7 3 -4 4.368646e-24 0 0 0 4.368646e-24 0 0 0 4.369181e-24
0 0 0 -5 3 -4 2.669234e-26 0 0 0 2.669234e-26 0 0 0 2.829932e-26
0 0 0 -3 3 -4 2.573141e-23 0 0 0 2.573141e-23 0 0 0 2.570570e-23
0 0 0 -1 3 -4 2.384070e-23 0 0 0 2.384070e-23 0 0 0 2.370116e-23
0 0 0 1 3 -4 2.384070e-23 0 0 0 2.384070e-23 0 0 0 2.370116e-23
0 0 0 3 3 -4 2.573141e-23 0 0 0 2.573141e-23 0 0 0 2.570570e-23
0 0 0 5 3 -4 2.669234e-26 0 0 0 2.669234e-26 0 0 0 2.829932e-26
0 0 0 7 3 -4 4.368646e-24 0 0 0 4.368646e-24 0 0 0 4.369181e-24
0 0 0 -8 4 -4 -8.719496e-24 0 0 0 -8.719496e-24 0 0 0 -8.719496e-24
0 0 0 -6 4 -4 1.334617e-26 0 0 0 1.334617e-26 0 0 0 1.414966e-26
0 0 0 -4 4 -4 -4.368646e-24 0 0 0 -4.368646e-24 0 0 0 -4.369181e-24
0 0 0 -2 4 -4 -2.223472e-23 0 0 0 -2.223472e-23 0 0 0 -2.226096e-23
0 0 0 0 4 -4 -1.062355e-23 0 0 0 -1.062355e-23 0 0 0 -1.073818e-23
0 0 0 2 4 -4 -2.223472e-23 0 0 0 -2.223472e-23 0 0 0 -2.226096e-23
0 0 0 4 4 -4 -4.368646e-24 0 0 0 -4.368646e-24 0 0 0 -4.369181e-24
0 0 0 6 4 -4 1.334617e-26 0 0 0 1.334617e-26 0 0 0 1.414966e-26
0 0 0 8 4 -4 -8.719496e-24 0 0 0 -8.719496e-24 0 0 0 -8.719496e-24
0 0 0 -7 5 -4 1.307924e-23 0 0 0 1.307924e-23 0 0 0 1.307924e-23
0 0 0 -5 5 -4 8.728394e-24 0 0 0 8.728394e-24 0 0 0 8.728930e-24
0 0 0 -3 5 -4 2.669234e-26 0 0 0 2.669234e-26 0 0 0 2.829932e-26
0 0 0 -1 5 -4 1.719876e-23 0 0 0 1.719876e-23 0 0 0 1.718430e-23
0 0 0 1 5 -4 1.719876e-23 0 0 0 1.719876e-23 0 0 0 1.718430e-23
0 0 0 3 5 -4 2.669234e-26 0 0 0 2.669234e-26 0 0 0 2.829932e-26
0 0 0 5 5 -4 8.728394e-24 0 0 0 8.728394e-24 0 0 0 8.728930e-24
0 0 0 7 5 -4 1.307924e-23 0 0 0 1.307924e-23 0 0 0 1.307924e-23
0 0 0 -6 6 -4 1.307924e-23 0 0 0 1.307924e-23 0 0 0 1.307924e-23
0 0 0 -4 6 -4 1.334617e-26 0 0 0 1.334617e-26 0 0 0 1.414966e-26
0 0 0 -2 6 -4 -3.484684e-23 0 0 0 -3.484684e-23 0 0 0 -3.484497e-23
0 0 0 0 6 -4 -4.361528e-23 0 0 0 -4.361528e-23 0 0 0 -4.361635e-23
0 0 0 2 6 -4 -3.484684e-23 0 0 0 -3.484684e-23 0 0 0 -3.484497e-23
0 0 0 4 6 -4 1.334617e-26 0 0 0 1.334617e-26 0 0 0 1.414966e-26
0 0 0 6 6 -4 1.307924e-23 0 0 0 1.307924e-23 0 0 0 1.307924e-23
0 0 0 -5 7 -4 1.307924e-23 0 0 0 1.307924e-23 0 0 0 1.307924e-23
0 0 0 -3 7 -4 4.368646e-24 0 0 0 4.368646e-24 0 0 0 4.369181e-24
0 0 0 -1 7 -4 4.359748e-24 0 0 0 4.359748e-24 0 0 0 4.359748e-24
0 0 0 1 7 -4 4.359748e-24 0 0 0 4.359748e-24 0 0 0 4.359748e-24
0 0 0 3 7 -4 4.368646e-24 0 0 0 4.368646e-24 0 0 0 4.369181e-24
0 0 0 5 7 -4 1.307924e-23 0 0 0 1.307924e-23 0 0 0 1.307924e-23
0 0 0 -4 8 -4 -8.719496e-24 0 0 0 -8.719496e-24 0 0 0 -8.719496e-24
0 0 0 -2 8 -4 4.359748e-24 0 0 0 4.359748e-24 0 0 0 4.359748e-24
0 0 0 0 8 -4 1.307924e-23 0 0 0 1.307924e-23 0 0 0 1.307924e-23
0 0 0 2 8 -4 4.359748e-24 0 0 0 4.359748e-24 0 0 0 4.359748e-24
0 0 0 4 8 -4 -8.719496e-24 0 0 0 -8.719496e-24 0 0 0 -8.719496e-24
0 0 0 -1 9 -4 1.743899e-23 0 0 0 1.743899e-23 0 0 0 1.743899e-23
0 0 0 1 9 -4 1.743899e-23 0 0 0 1.743899e-23 0 0 0 1.743899e-23
0 0 0 -3 -9 -2 -2.179874e-23 0 0 0 -2.179874e-23 0 0 0 -2.179874e-23
0 0 0 -1 -9 -2 -1.743899e-23 0 0 0 -1.743899e-23 0 0 0 -1.743899e-23
0 0 0 1 -9 -2 -1.743899e-23 0 0 0 -1.743899e-23 0 0 0 -1.743899e-23
0 0 0 3 -9 -2 -2.179874e-23 0 0 0 -2.179874e-23 0 0 0 -2.179874e-23
0 0 0 -6 -8 -2 2.224361e-27 0 0 0 2.224361e-27 0 0 0 2.358277e-27
0 0 0 -4 -8 -2 1.744344e-23 0 0 0 1.744344e-23 0 0 0 1.744371e-23
0 0 0 -2 -8 -2 3.051824e-23 0 0 0 3.051824e-23 0 0 0 3.051824e-23
0 0 0 0 -8 -2 -8.723945e-24 0 0 0 -8.723945e-24 0 0 0 -8.724213e-24
0 0 0 2 -8 -2 3.051824e-23 0 0 0 3.051824e-23 0 0 0 3.051824e-23
0 0 0 4 -8 -2 1.744344e-23 0 0 0 1.744344e-23 0 0 0 1.744371e-23
0 0 0 6 -8 -2 2.224361e-27 0 0 0 2.224361e-27 0 0 0 2.358277e-27
0 0 0 -7 -7 -2 4.448723e-27 0 0 0 4.448723e-27 0 0 0 4.716554e-27
0 0 0 -5 -7 -2 4.361528e-23 0 0 0 4.361528e-23 0 0 0 4.361635e-23
0 0 0 -3 -7 -2 1.334617e-26 0 0 0 1.334617e-26 0 0 0 1.414966e-26
0 0 0 -1 -7 -2 4.381992e-24 0 0 0 4.381992e-24 0 0 0 4.383331e-24
0 0 0 1 -7 -2 4.381992e-24 0 0 0 4.381992e-24 0 0 0 4.383331e-24
0 0 0 3 -7 -2 1.334617e-26 0 0 0 1.334617e-26 0 0 0 1.414966e-26
0 0 0 5 -7 -2 4.361528e-23 0 0 0 4.361528e-23 0 0 0 4.361635e-23
0 0 0 7 -7 -2 4.448723e-27 0 0 0 4.448723e-27 0 0 0 4.716554e-27
0 0 0 -8 -6 -2 2.224361e-27 0 0 0 2.224361e-27 0 0 0 2.358277e-27
0 0 0 -6 -6 -2 -4.357079e-23 0 0 0 -4.357079e-23 0 0 0 -4.356918e-23
0 0 0 -4 -6 -2 -4.804398e-23 0 0 0 -4.804398e-23 0 0 0 -4.804920e-23
0 0 0 -2 -6 -2 -5.255721e-23 0 0 0 -5.255721e-23 0 0 0 -5.257167e-23
0 0 0 0 -6 -2 -1.179134e-22 0 0 0 -1.179134e-22 0 0 0 -1.179254e-22
0 0 0 2 -6 -2 -5.255721e-23 0 0 0 -5.255721e-23 0 0 0 -5.257167e-23
0 0 0 4 -6 -2 -4.804398e-23 0 0 0 -4.804398e-23 0 0 0 -4.804920e-23
0 0 0 6 -6 -2 -4.357079e-23 0 0 0 -4.357079e-23 0 0 0 -4.356918e-23
0 0 0 8 -6 -2 2.224361e-27 0 0 0 2.224361e-27 0 0 0 2.358277e-27
0 0 0 -7 -5 -2 4.361528e-23 0 0 0 4.361528e-23 0 0 0 4.361635e-23
0 0 0 -5 -5 -2 2.159855e-23 0 0 0 2.159855e-23 0 0 0 2.158650e-23
0 0 0 -3 -5 -2 -1.894711e-23 0 0 0 -1.894711e-23 0 0 0 -1.903790e-23
0 0 0 -1 -5 -2 1.077125e-22 0 0 0 1.077125e-22 0 0 0 1.076353e-22
0 0 0 1 -5 -2 1.077125e-22 0 0 0 1.077125e-22 0 0 0 1.076353e-22
0 0 0 3 -5 -2 -1.894711e-23 0 0 0 -1.894711e-23 0 0 0 -1.903790e-23
0 0 0 5 -5 -2 2.159855e-23 0 0 0 2.159855e-23 0 0 0 2.158650e-23
0 0 0 7 -5 -2 4.361528e-23 0 0 0 4.361528e-23 0 0 0 4.361635e-23
0 0 0 -8 -4 -2 1.744344e-23 0 0 0 1.744344e-23 0 0 0 1.744371e-23
0 0 0 -6 -4 -2 -4.804398e-23 0 0 0 -4.804398e-23 0 0 0 -4.804920e-23
0 0 0 -4 -4 -2 3.239560e-23 0 0 0 3.239560e-23 0 0 0 3.224615e-23
0 0 0 -2 -4 -2 1.624184e-22 0 0 0 1.624184e-22 0 0 0 1.622226e-22
0 0 0 0 -4 -2 -1.118498e-22 0 0 0 -1.118498e-22 0 0 0 -1.117593e-22
0 0 0 2 -4 -2 1.624184e-22 0 0 0 1.624184e-22 0 0 0 1.622226e-22
0 0 0 4 -4 -2 3.239560e-23 0 0 0 3.239560e-23 0 0 0 3.224615e-23
0 0 0 6 -4 -2 -4.804398e-23 0 0 0 -4.804398e-23 0 0 0 -4.804920e-23
0 0 0 8 -4 -2 1.744344e-23 0 0 0 1.744344e-23 0 0 0 1.744371e-23
0 0 0 -9 -3 -2 -2.179874e-23 0 0 0 -2.179874e-23 0 0 0 -2.179874e-23
0 0 0 -7 -3 -2 1.334617e-26 0 0 0 1.334617e-26 0 0 0 1.414966e-26
0 0 0 -5 -3 -2 -1.894711e-23 0 0 0 -1.894711e-23 0 0 0 -1.903790e-23
0 0 0 -3 -3 -2 -1.438984e-22 0 0 0 -1.438984e-22 0 0 0 -1.441625e-22
0 0 0 -1 -3 -2 -1.079705e-22 0 0 0 -1.079705e-22 0 0 0 -1.065965e-22
0 0 0 1 -3 -2 -1.079705e-22 0 0 0 -1.079705e-22 0 0 0 -1.065965e-22
0 0 0 3 -3 -2 -1.438984e-22 0 0 0 -1.438984e-22 0 0 0 -1.441625e-22
0 0 0 5 -3 -2 -1.894711e-23 0 0 0 -1.894711e-23 0 0 0 -1.903790e-23
0 0 0 7 -3 -2 1.334617e-26 0 0 0 1.334617e-26 0 0 0 1.414966e-26
0 0 0 9 -3 -2 -2.179874e-23 0 0 0 -2.179874e-23 0 0 0 -2.179874e-23
0 0 0 -8 -2 -2 3.051824e-23 0 0 0 3.051824e-23 0 0 0 3.051824e-23
0 0 0 -6 -2 -2 -5.255721e-23 0 0 0 -5.255721e-23 0 0 0 -5.257167e-23
0 0 0 -4 -2 -2 1.624184e-22 0 0 0 1.624184e-22 0 0 0 1.622226e-22
0 0 0 -2 -2 -2 4.067912e-22 0 0 0 4.067912e-22 0 0 0 4.092338e-22
0 0 0 0 -2 -2 -1.441148e-21 0 0 0 -1.441148e-21 0 0 0 -1.432895e-21
0 0 0 2 -2 -2 4.067912e-22 0 0 0 4.067912e-22 0 0 0 4.092338e-22
0 0 0 4 -2 -2 1.624184e-22 0 0 0 1.624184e-22 0 0 0 1.622226e-22
0 0 0 6 -2 -2 -5.255721e-23 0 0 0 -5.255721e-23 0 0 0 -5.257167e-23
0 0 0 8 -2 -2 3.051824e-23 0 0 0 3.051824e-23 0 0 0 3.051824e-23
0 0 0 -9 -1 -2 -1.743899e-23 0 0 0 -1.743899e-23 0 0 0 -1.743899e-23
0 0 0 -7 -1 -2 4.381992e-24 0 0 0 4.381992e-24 0 0 0 4.383331e-24
0 0 0 -5 -1 -2 1.077125e-22 0 0 0 1.077125e-22 0 0 0 1.076353e-22
0 0 0 -3 -1 -2 -1.079705e-22 0 0 0 -1.079705e-22 0 0 0 -1.065965e-22
0 0 0 -1 -1 -2 1.506591e-21 0 0 0 1.506591e-21 0 0 0 1.520126e-21
0 0 0 1 -1 -2 1.506591e-21 0 0 0 1.506591e-21 0 0 0 1.520126e-21
0 0 0 3 -1 -2 -1.079705e-22 0 0 0 -1.079705e-22 0 0 0 -1.065965e-22
0 0 0 5 -1 -2 1.077125e-22 0 0 0 1.077125e-22 0 0 0 1.076353e-22
0 0 0 7 -1 -2 4.381992e-24 0 0 0 4.381992e-24 0 0 0 4.383331e-24
0 0 0 9 -1 -2 -1.743899e-23 0 0 0 -1.743899e-23 0 0 0 -1.743899e-23
0 0 0 -8 0 -2 -8.723945e-24 0 0 0 -8.723945e-24 0 0 0 -8.724213e-24
0 0 0 -6 0 -2 -1.179134e-22 0 0 0 -1.179134e-22 0 0 0 -1.179254e-22
0 0 0 -4 0 -2 -1.118498e-22 0 0 0 -1.118498e-22 0 0 0 -1.117593e-22
0 0 0 -2 0 -2 -1.441148e-21 0 0 0 -1.441148e-21 0 0 0 -1.432895e-21
0 0 0 0 0 -2 7.479104e-22 0 0 0 7.479104e-22 0 0 0 7.698398e-22
0 0 0 2 0 -2 -1.441148e-21 0 0 0 -1.441148e-21 0 0 0 -1.432895e-21
0 0 0 4 0 -2 -1.118498e-22 0 0 0 -1.118498e-22 0 0 0 -1.117593e-22
0 0 0 6 0 -2 -1.179134e-22 0 0 0 -1.179134e-22 0 0 0 -1.179254e-22
0 0 0 8 0 -2 -8.723945e-24 0 0 0 -8.723945e-24 0 0 0 -8.724213e-24
0 0 0 -9 1 -2 -1.743899e-23 0 0 0 -1.743899e-23 0 0 0 -1.743899e-23
0 0 0 -7 1 -2 4.381992e-24 0 0 0 4.381992e-24 0 0 0 4.383331e-24
0 0 0 -5 1 -2 1.077125e-22 0 0 0 1.077125e-22 0 0 0 1.076353e-22
0 0 0 -3 1 -2 -1.079705e-22 0 0 0 -1.079705e-22 0 0 0 -1.065965e-22
0 0 0 -1 1 -2 1.506591e-21 0 0 0 1.506591e-21 0 0 0 1.520126e-21
0 0 0 1 1 -2 1.506591e-21 0 0 0 1.506591e-21 0 0 0 1.520126e-21
0 0 0 3 1 -2 -1.079705e-22 0 0 0 -1.079705e-22 0 0 0 -1.065965e-22
0 0 0 5 1 -2 1.077125e-22 0 0 0 1.077125e-22 0 0 0 1.076353e-22
0 0 0 7 1 -2 4.381992e-24 0 0 0 4.381992e-24 0 0 0 4.383331e-24
0 0 0 9 1 -2 -1.743899e-23 0 0 0 -1.743899e-23 0 0 0 -1.743899e-23
0 0 0 -8 2 -2 3.051824e-23 0 0 0 3.051824e-23 0 0 0 3.051824e-23
0 0 0 -6 2 -2 -5.255721e-23 0 0 0 -5.255721e-23 0 0 0 -5.257167e-23
0 0 0 -4 2 -2 1.624184e-22 0 0 0 1.624184e-22 0 0 0 1.622226e-22
0 0 0 -2 2 -2 4.067912e-22 0 0 0 4.067912e-22 0 0 0 4.092338e-22
0 0 0 0 2 -2 -1.441148e-21 0 0 0 -1.441148e-21 0 0 0 -1.432895e-21
0 0 0 2 2 -2 4.067912e-22 0 0 0 4.067912e-22 0 0 0 4.092338e-22
0 0 0 4 2 -2 1.624184e-22 0 0 0 1.624184e-22 0 0 0 1.622226e-22
0 0 0 6 2 -2 -5.255721e-23 0 0 0 -5.255721e-23 0 0 0 -5.257167e-23
0 0 0 8 2 -2 3.051824e-23 0 0 0 3.051824e-23 0 0 0 3.051824e-23
0 0 0 -9 3 -2 -2.179874e-23 0 0 0 -2.179874e-23 0 0 0 -2.179874e-23
0 0 0 -7 3 -2 1.334617e-26 0 0 0 1.334617e-26 0 0 0 1.414966e-26
0 0 0 -5 3 -2 -1.894711e-23 0 0 0 -1.894711e-23 0 0 0 -1.903790e-23
0 0 0 -3 3 -2 -1.438984e-22 0 0 0 -1.438984e-22 0 0 0 -1.441625e-22
0 0 0 -1 3 -2 -1.079705e-22 0 0 0 -1.079705e-22 0 0 0 -1.065965e-22
0 0 0 1 3 -2 -1.079705e-22 0 0 0 -1.079705e-22 0 0 0 -1.065965e-22
0 0 0 3 3 -2 -1.438984e-22 0 0 0 -1.438984e-22 0 0 0 -1.441625e-22
0 0 0 5 3 -2 -1.894711e-23 0 0 0 -1.894711e-23 0 0 0 -1.903790e-23
0 0 0 7 3 -2 1.334617e-26 0 0 0 1.334617e-26 0 0 0 1.414966e-26
0 0 0 9 3 -2 -2.179874e-23 0 0 0 -2.179874e-23 0 0 0 -2.179874e-23
0 0 0 -8 4 -2 1.744344e-23 0 0 0 1.744344e-23 0 0 0 1.744371e-23
0 0 0 -6 4 -2 -4.804398e-23 0 0 0 -4.804398e-23 0 0 0 -4.804920e-23
0 0 0 -4 4 -2 3.239560e-23 0 0 0 3.239560e-23 0 0 0 3.224615e-23
0 0 0 -2 4 -2 1.624184e-22 0 0 0 1.624184e-22 0 0 0 1.622226e-22
0 0 0 0 4 -2 -1.118498e-22 0 0 0 -1.118498e-22 0 0 0 -1.117593e-22
0 0 0 2 4 -2 1.624184e-22 0 0 0 1.624184e-22 0 0 0 1.622226e-22
0 0 0 4 4 -2 3.239560e-23 0 0 0 3.239560e-23 0 0 0 3.224615e-23
0 0 0 6 4 -2 -4.804398e-23 0 0 0 -4.804398e-23 0 0 0 -4.804920e-23
0 0 0 8 4 -2 1.744344e-23 0 0 0 1.744344e-23 0 0 0 1.744371e-23
0 0 0 -7 5 -2 4.361528e-23 0 0 0 4.361528e-23 0 0 0 4.361635e-23
0 0 0 -5 5 -2 2.159855e-23 0 0 0 2.159855e-23 0 0 0 2.158650e-23
0 0 0 -3 5 -2 -1.894711e-23 0 0 0 -1.894711e-23 0 0 0 -1.903790e-23
0 0 0 -1 5 -2 1.077125e-22 0 0 0 1.077125e-22 0 0 0 1.076353e-22
0 0 0 1 5 -2 1.077125e-22 0 0 0 1.077125e-22 0 0 0 1.076353e-22
0 0 0 3 5 -2 -1.894711e-23 0 0 0 -1.894711e-23 0 0 0 -1.903790e-23
0 0 0 5 5 -2 2.159855e-23 0 0 0 2.159855e-23 0 0 0 2.158650e-23
0 0 0 7 5 -2 4.361528e-23 0 0 0 4.361528e-23 0 0 0 4.361635e-23
0 0 0 -8 6 -2 2.224361e-27 0 0 0 2.224361e-27 0 0 0 2.358277e-27
0 0 0 -6 6 -2 -4.357079e-23 0 0 0 -4.357079e-23 0 0 0 -4.356918e-23
0 0 0 -4 6 -2 -4.804398e-23 0 0 0 -4.804398e-23 0 0 0 -4.804920e-23
0 0 0 -2 6 -2 -5.255721e-23 0 0 0 -5.255721e-23 0 0 0 -5.257167e-23
0 0 0 0 6 -2 -1.179134e-22 0 0 0 -1.179134e-22 0 0 0 -1.179254e-22
0 0 0 2 6 -2 -5.255721e-23 0 0 0 -5.255721e-23 0 0 0 -5.257167e-23
0 0 0 4 6 -2 -4.804398e-23 0 0 0 -4.804398e-23 0 0 0 -4.804920e-23
0 0 0 6 6 -2 -4.357079e-23 0 0 0 -4.357079e-23 0 0 0 -4.356918e-23
0 0 0 8 6 -2 2.224361e-27 0 0 0 2.224361e-27 0 0 0 2.358277e-27
0 0 0 -7 7 -2 4.448723e-27 0 0 0 4.448723e-27 0 0 0 4.716554e-27
0 0 0 -5 7 -2 4.361528e-23 0 0 0 4.361528e-23 0 0 0 4.361635e-23
0 0 0 -3 7 -2 1.334617e-26 0 0 0 1.334617e-26 0 0 0 1.414966e-26
0 0 0 -1 7 -2 4.381992e-24 0 0 0 4.381992e-24 0 0 0 4.383331e-24
0 0 0 1 7 -2 4.381992e-24 0 0 0 4.381992e-24 0 0 0 4.383331e-24
0 0 0 3 7 -2 1.334617e-26 0 0 0 1.334617e-26 0 0 0 1.414966e-26
0 0 0 5 7 -2 4.361528e-23 0 0 0 4.361528e-23 0 0 0 4.361635e-23
0 0 0 7 7 -2 4.448723e-27 0 0 0 4.448723e-27 0 0 0 4.716554e-27
0 0 0 -6 8 -2 2.224361e-27 0 0 0 2.224361e-27 0 0 0 2.358277e-27
0 0 0 -4 8 -2 1.744344e-23 0 0 0 1.744344e-23 0 0 0 1.744371e-23
0 0 0 -2 8 -2 3.051824e-23 0 0 0 3.051824e-23 0 0 0 3.051824e-23
0 0 0 0 8 -2 -8.723945e-24 0 0 0 -8.723945e-24 0 0 0 -8.724213e-24
0 0 0 2 8 -2 3.051824e-23 0 0 0 3.051824e-23 0 0 0 3.051824e-23
0 0 0 4 8 -2 1.744344e-23 0 0 0 1.744344e-23 0 0 0 1.744371e-23
0 0 0 6 8 -2 2.224361e-27 0 0 0 2.224361e-27 0 0 0 2.358277e-27
0 0 0 -3 9 -2 -2.179874e-23 0 0 0 -2.179874e-23 0 0 0 -2.179874e-23
0 0 0 -1 9 -2 -1.743899e-23 0 0 0 -1.743899e-23 0 0 0 -1.743899e-23
0 0 0 1 9 -2 -1.743899e-23 0 0 0 -1.743899e-23 0 0 0 -1.743899e-23
0 0 0 3 9 -2 -2.179874e-23 0 0 0 -2.179874e-23 0 0 0 -2.179874e-23
0 0 0 -3 -9 0 1.177132e-22 0 0 0 1.177132e-22 0 0 0 1.177132e-22
0 0 0 3 -9 0 1.177132e-22 0 0 0 1.177132e-22 0 0 0 1.177132e-22
0 0 0 -6 -8 0 7.847992e-23 0 0 0 7.847992e-23 0 0 0 7.848018e-23
0 0 0 -4 -8 0 -4.359748e-23 0 0 0 -4.359748e-23 0 0 0 -4.359748e-23
0 0 0 -2 -8 0 -1.482225e-22 0 0 0 -1.482225e-22 0 0 0 -1.482220e-22
0 0 0 0 -8 0 6.542292e-23 0 0 0 6.542292e-23 0 0 0 6.542452e-23
0 0 0 2 -8 0 -1.482225e-22 0 0 0 -1.482225e-22 0 0 0 -1.482220e-22
0 0 0 4 -8 0 -4.359748e-23 0 0 0 -4.359748e-23 0 0 0 -4.359748e-23
0 0 0 6 -8 0 7.847992e-23 0 0 0 7.847992e-23 0 0 0 7.848018e-23
0 0 0 -7 -7 0 -1.307835e-22 0 0 0 -1.307835e-22 0 0 0 -1.307830e-22
0 0 0 -5 -7 0 -1.438450e-22 0 0 0 -1.438450e-22 0 0 0 -1.438434e-22
0 0 0 -3 -7 0 1.394941e-22 0 0 0 1.394941e-22 0 0 0 1.394931e-22
0 0 0 -1 -7 0 -2.176315e-23 0 0 0 -2.176315e-23 0 0 0 -2.176101e-23
0 0 0 1 -7 0 -2.176315e-23 0 0 0 -2.176315e-23 0 0 0 -2.176101e-23
0 0 0 3 -7 0 1.394941e-22 0 0 0 1.394941e-22 0 0 0 1.394931e-22
0 0 0 5 -7 0 -1.438450e-22 0 0 0 -1.438450e-22 0 0 0 -1.438434e-22
0 0 0 7 -7 0 -1.307835e-22 0 0 0 -1.307835e-22 0 0 0 -1.307830e-22
0 0 0 -8 -6 0 7.847992e-23 0 0 0 7.847992e-23 0 0 0 7.848018e-23
0 0 0 -6 -6 0 1.875226e-22 0 0 0 1.875226e-22 0 0 0 1.875258e-22
0 0 0 -4 -6 0 6.952909e-23 0 0 0 6.952909e-23 0 0 0 6.951543e-23
0 0 0 -2 -6 0 -1.005233e-22 0 0 0 -1.005233e-22 0 0 0 -1.005383e-22
0 0 0 0 -6 0 3.141243e-22 0 0 0 3.141243e-22 0 0 0 3.141377e-22
0 0 0 2 -6 0 -1.005233e-22 0 0 0 -1.005233e-22 0 0 0 -1.005383e-22
0 0 0 4 -6 0 6.952909e-23 0 0 0 6.952909e-23 0 0 0 6.951543e-23
0 0 0 6 -6 0 1.875226e-22 0 0 0 1.875226e-22 0 0 0 1.875258e-22
0 0 0 8 -6 0 7.847992e-23 0 0 0 7.847992e-23 0 0 0 7.848018e-23
0 0 0 -7 -5 0 -1.438450e-22 0 0 0 -1.438450e-22 0 0 0 -1.438434e-22
0 0 0 -5 -5 0 -1.181136e-22 0 0 0 -1.181136e-22 0 0 0 -1.181377e-22
0 0 0 -3 -5 0 2.239665e-22 0 0 0 2.239665e-22 0 0 0 2.238015e-22
0 0 0 -1 -5 0 -2.750556e-22 0 0 0 -2.750556e-22 0 0 0 -2.750792e-22
0 0 0 1 -5 0 -2.750556e-22 0 0 0 -2.750556e-22 0 0 0 -2.750792e-22
0 0 0 3 -5 0 2.239665e-22 0 0 0 2.239665e-22 0 0 0 2.238015e-22
0 0 0 5 -5 0 -1.181136e-22 0 0 0 -1.181136e-22 0 0 0 -1.181377e-22
0 0 0 7 -5 0 -1.438450e-22 0 0 0 -1.438450e-22 0 0 0 -1.438434e-22
0 0 0 -8 -4 0 -4.359748e-23 0 0 0 -4.359748e-23 0 0 0 -4.359748e-23
0 0 0 -6 -4 0 6.952909e-23 0 0 0 6.952909e-23 0 0 0 6.951543e-23
0 0 0 -4 -4 0 -4.801773e-22 0 0 0 -4.801773e-22 0 0 0 -4.804762e-22
0 0 0 -2 -4 0 -4.835272e-22 0 0 0 -4.835272e-22 0 0 0 -4.837653e-22
0 0 0 0 -4 0 7.195720e-22 0 0 0 7.195720e-22 0 0 0 7.201098e-22
0 0 0 2 -4 0 -4.835272e-22 0 0 0 -4.835272e-22 0 0 0 -4.837653e-22
0 0 0 4 -4 0 -4.801773e-22 0 0 0 -4.801773e-22 0 0 0 -4.804762e-22
0 0 0 6 -4 0 6.952909e-23 0 0 0 6.952909e-23 0 0 0 6.951543e-23
0 0 0 8 -4 0 -4.359748e-23 0 0 0 -4.359748e-23 0 0 0 -4.359748e-23
0 0 0 -9 -3 0 1.177132e-22 0 0 0 1.177132e-22 0 0 0 1.177132e-22
0 0 0 -7 -3 0 1.394941e-22 0 0 0 1.394941e-22 0 0 0 1.394931e-22
0 0 0 -5 -3 0 2.239665e-22 0 0 0 2.239665e-22 0 0 0 2.238015e-22
0 0 0 -3 -3 0 1.484299e-21 0 0 0 1.484299e-21 0 0 0 1.483893e-21
0 0 0 -1 -3 0 2.096327e-22 0 0 0 2.096327e-22 0 0 0 2.128044e-22
0 0 0 1 -3 0 2.096327e-22 0 0 0 2.096327e-22 0 0 0 2.128044e-22
0 0 0 3 -3 0 1.484299e-21 0 0 0 1.484299e-21 0 0 0 1.483893e-21
0 0 0 5 -3 0 2.239665e-22 0 0 0 2.239665e-22 0 0 0 2.238015e-22
0 0 0 7 -3 0 1.394941e-22 0 0 0 1.394941e-22 0 0 0 1.394931e-22
0 0 0 9 -3 0 1.177132e-22 0 0 0 1.177132e-22 0 0 0 1.177132e-22
0 0 0 -8 -2 0 -1.482225e-22 0 0 0 -1.482225e-22 0 0 0 -1.482220e-22
0 0 0 -6 -2 0 -1.005233e-22 0 0 0 -1.005233e-22 0 0 0 -1.005383e-22
0 0 0 -4 -2 0 -4.835272e-22 0 0 0 -4.835272e-22 0 0 0 -4.837653e-22
0 0 0 -2 -2 0 -1.111754e-21 0 0 0 -1.111754e-21 0 0 0 -1.106505e-21
0 0 0 0 -2 0 3.248577e-21 0 0 0 3.248577e-21 0 0 0 3.265147e-21
0 0 0 2 -2 0 -1.111754e-21 0 0 0 -1.111754e-21 0 0 0 -1.106505e-21
0 0 0 4 -2 0 -4.835272e-22 0 0 0 -4.835272e-22 0 0 0 -4.837653e-22
0 0 0 6 -2 0 -1.005233e-22 0 0 0 -1.005233e-22 0 0 0 -1.005383e-22
0 0 0 8 -2 0 -1.482225e-22 0 0 0 -1.482225e-22 0 0 0 -1.482220e-22
0 0 0 -7 -1 0 -2.176315e-23 0 0 0 -2.176315e-23 0 0 0 -2.176101e-23
0 0 0 -5 -1 0 -2.750556e-22 0 0 0 -2.750556e-22 0 0 0 -2.750792e-22
0 0 0 -3 -1 0 2.096327e-22 0 0 0 2.096327e-22 0 0 0 2.128044e-22
0 0 0 -1 -1 0 4.004082e-21 0 0 0 4.004082e-21 0 0 0 4.030702e-21
0 0 0 1 -1 0 4.004082e-21 0 0 0 4.004082e-21 0 0 0 4.030702e-21
0 0 0 3 -1 0 2.096327e-22 0 0 0 2.096327e-22 0 0 0 2.128044e-22
0 0 0 5 -1 0 -2.750556e-22 0 0 0 -2.750556e-22 0 0 0 -2.750792e-22
0 0 0 7 -1 0 -2.176315e-23 0 0 0 -2.176315e-23 0 0 0 -2.176101e-23
0 0 0 -8 0 0 6.542292e-23 0 0 0 6.542292e-23 0 0 0 6.542452e-23
0 0 0 -6 0 0 3.141243e-22 0 0 0 3.141243e-22 0 0 0 3.141377e-22
0 0 0 -4 0 0 7.195720e-22 0 0 0 7.195720e-22 0 0 0 7.201098e-22
0 0 0 -2 0 0 3.248577e-21 0 0 0 3.248577e-21 0 0 0 3.265147e-21
0 0 0 2 0 0 3.248577e-21 0 0 0 3.248577e-21 0 0 0 3.265147e-21
0 0 0 4 0 0 7.195720e-22 0 0 0 7.195720e-22 0 0 0 7.201098e-22
0 0 0 6 0 0 3.141243e-22 0 0 0 3.141243e-22 0 0 0 3.141377e-22
0 0 0 8 0 0 6.542292e-23 0 0 0 6.542292e-23 0 0 0 6.542452e-23
0 0 0 -7 1 0 -2.176315e-23 0 0 0 -2.176315e-23 0 0 0 -2.176101e-23
0 0 0 -5 1 0 -2.750556e-22 0 0 0 -2.750556e-22 0 0 0 -2.750792e-22
0 0 0 -3 1 0 2.096327e-22 0 0 0 2.096327e-22 0 0 0 2.128044e-22
0 0 0 -1 1 0 4.004082e-21 0 0 0 4.004082e-21 0 0 0 4.030702e-21
0 0 0 1 1 0 4.004082e-21 0 0 0 4.004082e-21 0 0 0 4.030702e-21
0 0 0 3 1 0 2.096327e-22 0 0 0 2.096327e-22 0 0 0 2.128044e-22
0 0 0 5 1 0 -2.750556e-22 0 0 0 -2.750556e-22 0 0 0 -2.750792e-22
0 0 0 7 1 0 -2.176315e-23 0 0 0 -2.176315e-23 0 0 0 -2.176101e-23
0 0 0 -8 2 0 -1.482225e-22 0 0 0 -1.482225e-22 0 0 0 -1.482220e-22
0 0 0 -6 2 0 -1.005233e-22 0 0 0 -1.005233e-22 0 0 0 -1.005383e-22
0 0 0 -4 2 0 -4.835272e-22 0 0 0 -4.835272e-22 0 0 0 -4.837653e-22
0 0 0 -2 2 0 -1.111754e-21 0 0 0 -1.111754e-21 0 0 0 -1.106505e-21
0 0 0 0 2 0 3.248577e-21 0 0 0 3.248577e-21 0 0 0 3.265147e-21
0 0 0 2 2 0 -1.111754e-21 0 0 0 -1.111754e-21 0 0 0 -1.106505e-21
0 0 0 4 2 0 -4.835272e-22 0 0 0 -4.835272e-22 0 0 0 -4.837653e-22
0 0 0 6 2 0 -1.005233e-22 0 0 0 -1.005233e-22 0 0 0 -1.005383e-22
0 0 0 8 2 0 -1.482225e-22 0 0 0 -1.482225e-22 0 0 0 -1.482220e-22
0 0 0 -9 3 0 1.177132e-22 0 0 0 1.177132e-22 0 0 0 1.177132e-22
0 0 0 -7 3 0 1.394941e-22 0 0 0 1.394941e-22 0 0 0 1.394931e-22
0 0 0 -5 3 0 2.239665e-22 0 0 0 2.239665e-22 0 0 0 2.238015e-22
0 0 0 -3 3 0 1.484299e-21 0 0 0 1.484299e-21 0 0 0 1.483893e-21
0 0 0 -1 3 0 2.096327e-22 0 0 0 2.096327e-22 0 0 0 2.128044e-22
0 0 0 1 3 0 2.096327e-22 0 0 0 2.096327e-22 0 0 0 2.128044e-22
0 0 0 3 3 0 1.484299e-21 0 0 0 1.484299e-21 0 0 0 1.483893e-21
0 0 0 5 3 0 2.239665e-22 0 0 0 2.239665e-22 0 0 0 2.238015e-22
0 0 0 7 3 0 1.394941e-22 0 0 0 1.394941e-22 0 0 0 1.394931e-22
0 0 0 9 3 0 1.177132e-22 0 0 0 1.177132e-22 0 0 0 1.177132e-22
0 0 0 -8 4 0 -4.359748e-23 0 0 0 -4.359748e-23 0 0 0 -4.359748e-23
0 0 0 -6 4 0 6.952909e-23 0 0 0 6.952909e-23 0 0 0 6.951543e-23
0 0 0 -4 4 0 -4.801773e-22 0 0 0 -4.801773e-22 0 0 0 -4.804762e-22
0 0 0 -2 4 0 -4.835272e-22 0 0 0 -4.835272e-22 0 0 0 -4.837653e-22
0 0 0 0 4 0 7.195720e-22 0 0 0 7.195720e-22 0 0 0 7.201098e-22
0 0 0 2 4 0 -4.835272e-22 0 0 0 -4.835272e-22 0 0 0 -4.837653e-22
0 0 0 4 4 0 -4.801773e-22 0 0 0 -4.801773e-22 0 0 0 -4.804762e-22
0 0 0 6 4 0 6.952909e-23 0 0 0 6.952909e-23 0 0 0 6.951543e-23
0 0 0 8 4 0 -4.359748e-23 0 0 0 -4.359748e-23 0 0 0 -4.359748e-23
0 0 0 -7 5 0 -1.438450e-22 0 0 0 -1.438450e-22 0 0 0 -1.438434e-22
0 0 0 -5 5 0 -1.181136e-22 0 0 0 -1.181136e-22 0 0 0 -1.181377e-22
0 0 0 -3 5 0 2.239665e-22 0 0 0 2.239665e-22 0 0 0 2.238015e-22
0 0 0 -1 5 0 -2.750556e-22 0 0 0 -2.750556e-22 0 0 0 -2.750792e-22
0 0 0 1 5 0 -2.750556e-22 0 0 0 -2.750556e-22 0 0 0 -2.750792e-22
0 0 0 3 5 0 2.239665e-22 0 0 0 2.239665e-22 0 0 0 2.238015e-22
0 0 0 5 5 0 -1.181136e-22 0 0 0 -1.181136e-22 0 0 0 -1.181377e-22
0 0 0 7 5 0 -1.438450e-22 0 0 0 -1.438450e-22 0 0 0 -1.438434e-22
0 0 0 -8 6 0 7.847992e-23 0 0 0 7.847992e-23 0 0 0 7.848018e-23
0 0 0 -6 6 0 1.875226e-22 0 0 0 1.875226e-22 0 0 0 1.875258e-22
0 0 0 -4 6 0 6.952909e-23 0 0 0 6.952909e-23 0 0 0 6.951543e-23
0 0 0 -2 6 0 -1.005233e-22 0 0 0 -1.005233e-22 0 0 0 -1.005383e-22
0 0 0 0 6 0 3.141243e-22 0 0 0 3.141243e-22 0 0 0 3.141377e-22
0 0 0 2 6 0 -1.005233e-22 0 0 0 -1.005233e-22 0 0 0 -1.005383e-22
0 0 0 4 6 0 6.952909e-23 0 0 0 6.952909e-23 0 0 0 6.951543e-23
0 0 0 6 6 0 1.875226e-22 0 0 0 1.875226e-22 0 0 0 1.875258e-22
0 0 0 8 6 0 7.847992e-23 0 0 0 7.847992e-23 0 0 0 7.848018e-23
0 0 0 -7 7 0 -1.307835e-22 0 0 0 -1.307835e-22 0 0 0 -1.307830e-22
0 0 0 -5 7 0 -1.438450e-22 0 0 0 -1.438450e-22 0 0 0 -1.438434e-22
0 0 0 -3 7 0 1.394941e-22 0 0 0 1.394941e-22 0 0 0 1.394931e-22
0 0 0 -1 7 0 -2.176315e-23 0 0 0 -2.176315e-23 0 0 0 -2.176101e-23
0 0 0 1 7 0 -2.176315e-23 0 0 0 -2.176315e-23 0 0 0 -2.176101e-23
0 0 0 3 7 0 1.394941e-22 0 0 0 1.394941e-22 0 0 0 1.394931e-22
0 0 0 5 7 0 -1.438450e-22 0 0 0 -1.438450e-22 0 0 0 -1.438434e-22
0 0 0 7 7 0 -1.307835e-22 0 0 0 -1.307835e-22 0 0 0 -1.307830e-22
0 0 0 -6 8 0 7.847992e-23 0 0 0 7.847992e-23 0 0 0 7.848018e-23
0 0 0 -4 8 0 -4.359748e-23 0 0 0 -4.359748e-23 0 0 0 -4.359748e-23
0 0 0 -2 8 0 -1.482225e-22 0 0 0 -1.482225e-22 0 0 0 -1.482220e-22
0 0 0 0 8 0 6.542292e-23 0 0 0 6.542292e-23 0 0 0 6.542452e-23
0 0 0 2 8 0 -1.482225e-22 0 0 0 -1.482225e-22 0 0 0 -1.482220e-22
0 0 0 4 8 0 -4.359748e-23 0 0 0 -4.359748e-23 0 0 0 -4.359748e-23
0 0 0 6 8 0 7.847992e-23 0 0 0 7.847992e-23 0 0 0 7.848018e-23
0 0 0 -3 9 0 1.177132e-22 0 0 0 1.177132e-22 0 0 0 1.177132e-22
0 0 0 3 9 0 1.177132e-22 0 0 0 1.177132e-22 0 0 0 1.177132e-22
0 0 0 -3 -9 2 -2.179874e-23 0 0 0 -2.179874e-23 0 0 0 -2.179874e-23
0 0 0 -1 -9 2 -1.743899e-23 0 0 0 -1.743899e-23 0 0 0 -1.743899e-23
0 0 0 1 -9 2 -1.743899e-23 0 0 0 -1.743899e-23 0 0 0 -1.743899e-23
0 0 0 3 -9 2 -2.179874e-23 0 0 0 -2.179874e-23 0 0 0 -2.179874e-23
0 0 0 -6 -8 2 2.224361e-27 0 0 0 2.224361e-27 0 0 0 2.358277e-27
0 0 0 -4 -8 2 1.744344e-23 0 0 0 1.744344e-23 0 0 0 1.744371e-23
0 0 0 -2 -8 2 3.051824e-23 0 0 0 3.051824e-23 0 0 0 3.051824e-23
0 0 0 0 -8 2 -8.723945e-24 0 0 0 -8.723945e-24 0 0 0 -8.724213e-24
0 0 0 2 -8 2 3.051824e-23 0 0 0 3.051824e-23 0 0 0 3.051824e-23
0 0 0 4 -8 2 1.744344e-23 0 0 0 1.744344e-23 0 0 0 1.744371e-23
0 0 0 6 -8 2 2.224361e-27 0 0 0 2.224361e-27 0 0 0 2.358277e-27
0 0 0 -7 -7 2 4.448723e-27 0 0 0 4.448723e-27 0 0 0 4.716554e-27
0 0 0 -5 -7 2 4.361528e-23 0 0 0 4.361528e-23 0 0 0 4.361635e-23
0 0 0 -3 -7 2 1.334617e-26 0 0 0 1.334617e-26 0 0 0 1.414966e-26
0 0 0 -1 -7 2 4.381992e-24 0 0 0 4.381992e-24 0 0 0 4.383331e-24
0 0 0 1 -7 2 4.381992e-24 0 0 0 4.381992e-24 0 0 0 4.383331e-24
0 0 0 3 -7 2 1.334617e-26 0 0 0 1.334617e-26 0 0 0 1.414966e-26
0 0 0 5 -7 2 4.361528e-23 0 0 0 4.361528e-23 0 0 0 4.361635e-23
0 0 0 7 -7 2 4.448723e-27 0 0 0 4.448723e-27 0 0 0 4.716554e-27
0 0 0 -8 -6 2 2.224361e-27 0 0 0 2.224361e-27 0 0 0 2.358277e-27
0 0 0 -6 -6 2 -4.357079e-23 0 0 0 -4.357079e-23 0 0 0 -4.356918e-23
0 0 0 -4 -6 2 -4.804398e-23 0 0 0 -4.804398e-23 0 0 0 -4.804920e-23
0 0 0 -2 -6 2 -5.255721e-23 0 0 0 -5.255721e-23 0 0 0 -5.257167e-23
0 0 0 0 -6 2 -1.179134e-22 0 0 0 -1.179134e-22 0 0 0 -1.179254e-22
0 0 0 2 -6 2 -5.255721e-23 0 0 0 -5.255721e-23 0 0 0 -5.257167e-23
0 0 0 4 -6 2 -4.804398e-23 0 0 0 -4.804398e-23 0 0 0 -4.804920e-23
0 0 0 6 -6 2 -4.357079e-23 0 0 0 -4.357079e-23 0 0 0 -4.356918e-23
0 0 0 8 -6 2 2.224361e-27 0 0 0 2.224361e-27 0 0 0 2.358277e-27
0 0 0 -7 -5 2 4.361528e-23 0 0 0 4.361528e-23 0 0 0 4.361635e-23
0 0 0 -5 -5 2 2.159855e-23 0 0 0 2.159855e-23 0 0 0 2.158650e-23
0 0 0 -3 -5 2 -1.894711e-23 0 0 0 -1.894711e-23 0 0 0 -1.903790e-23
0 0 0 -1 -5 2 1.077125e-22 0 0 0 1.077125e-22 0 0 0 1.076353e-22
0 0 0 1 -5 2 1.077125e-22 0 0 0 1.077125e-22 0 0 0 1.076353e-22
0 0 0 3 -5 2 -1.894711e-23 0 0 0 -1.894711e-23 0 0 0 -1.903790e-23
0 0 0 5 -5 2 2.159855e-23 0 0 0 2.159855e-23 0 0 0 2.158650e-23
0 0 0 7 -5 2 4.361528e-23 0 0 0 4.361528e-23 0 0 0 4.361635e-23
0 0 0 -8 -4 2 1.744344e-23 0 0 0 1.744344e-23 0 0 0 1.744371e-23
0 0 0 -6 -4 2 -4.804398e-23 0 0 0 -4.804398e-23 0 0 0 -4.804920e-23
0 0 0 -4 -4 2 3.239560e-23 0 0 0 3.239560e-23 0 0 0 3.224615e-23
0 0 0 -2 -4 2 1.624184e-22 0 0 0 1.624184e-22 0 0 0 1.622226e-22
0 0 0 0 -4 2 -1.118498e-22 0 0 0 -1.118498e-22 0 0 0 -1.117593e-22
0 0 0 2 -4 2 1.624184e-22 0 0 0 1.624184e-22 0 0 0 1.622226e-22
0 0 0 4 -4 2 3.239560e-23 0 0 0 3.239560e-23 0 0 0 3.224615e-23
0 0 0 6 -4 2 -4.804398e-23 0 0 0 -4.804398e-23 0 0 0 -4.804920e-23
0 0 0 8 -4 2 1.744344e-23 0 0 0 1.744344e-23 0 0 0 1.744371e-23
0 0 0 -9 -3 2 -2.179874e-23 0 0 0 -2.179874e-23 0 0 0 -2.179874e-23
0 0 0 -7 -3 2 1.334617e-26 0 0 0 1.334617e-26 0 0 0 1.414966e-26
0 0 0 -5 -3 2 -1.894711e-23 0 0 0 -1.894711e-23 0 0 0 -1.903790e-23
0 0 0 -3 -3 2 -1.438984e-22 0 0 0 -1.438984e-22 0 0 0 -1.441625e-22
0 0 0 -1 -3 2 -1.079705e-22 0 0 0 -1.079705e-22 0 0 0 -1.065965e-22
0 0 0 1 -3 2 -1.079705e-22 0 0 0 -1.079705e-22 0 0 0 -1.065965e-22
0 0 0 3 -3 2 -1.438984e-22 0 0 0 -1.438984e-22 0 0 0 -1.441625e-22
0 0 0 5 -3 2 -1.894711e-23 0 0 0 -1.894711e-23 0 0 0 -1.903790e-23
0 0 0 7 -3 2 1.334617e-26 0 0 0 1.334617e-26 0 0 0 1.414966e-26
0 0 0 9 -3 2 -2.179874e-23 0 0 0 -2.179874e-23 0 0 0 -2.179874e-23
0 0 0 -8 -2 2 3.051824e-23 0 0 0 3.051824e-23 0 0 0 3.051824e-23
0 0 0 -6 -2 2 -5.255721e-23 0 0 0 -5.255721e-23 0 0 0 -5.257167e-23
0 0 0 -4 -2 2 1.624184e-22 0 0 0 1.624184e-22 0 0 0 1.622226e-22
0 0 0 -2 -2 2 4.067912e-22 0 0 0 4.067912e-22 0 0 0 4.092338e-22
0 0 0 0 -2 2 -1.441148e-21 0 0 0 -1.441148e-21 0 0 0 -1.432895e-21
0 0 0 2 -2 2 4.067912e-22 0 0 0 4.067912e-22 0 0 0 4.092338e-22
0 0 0 4 -2 2 1.624184e-22 0 0 0 1.624184e-22 0 0 0 1.622226e-22
0 0 0 6 -2 2 -5.255721e-23 0 0 0 -5.255721e-23 0 0 0 -5.257167e-23
0 0 0 8 -2 2 3.051824e-23 0 0 0 3.051824e-23 0 0 0 3.051824e-23
0 0 0 -9 -1 2 -1.743899e-23 0 0 0 -1.743899e-23 0 0 0 -1.743899e-23
0 0 0 -7 -1 2 4.381992e-24 0 0 0 4.381992e-24 0 0 0 4.383331e-24
0 0 0 -5 -1 2 1.077125e-22 0 0 0 1.077125e-22 0 0 0 1.076353e-22
0 0 0 -3 -1 2 -1.079705e-22 0 0 0 -1.079705e-22 0 0 0 -1.065965e-22
0 0 0 -1 -1 2 1.506591e-21 0 0 0 1.506591e-21 0 0 0 1.520126e-21
0 0 0 1 -1 2 1.506591e-21 0 0 0 1.506591e-21 0 0 0 1.520126e-21
0 0 0 3 -1 2 -1.079705e-22 0 0 0 -1.079705e-22 0 0 0 -1.065965e-22
0 0 0 5 -1 2 1.077125e-22 0 0 0 1.077125e-22 0 0 0 1.076353e-22
0 0 0 7 -1 2 4.381992e-24 0 0 0 4.381992e-24 0 0 0 4.383331e-24
0 0 0 9 -1 2 -1.743899e-23 0 0 0 -1.743899e-23 0 0 0 -1.743899e-23
0 0 0 -8 0 2 -8.723945e-24 0 0 0 -8.723945e-24 0 0 0 -8.724213e-24
0 0 0 -6 0 2 -1.179134e-22 0 0 0 -1.179134e-22 0 0 0 -1.179254e-22
0 0 0 -4 0 2 -1.118498e-22 0 0 0 -1.118498e-22 0 0 0 -1.117593e-22
0 0 0 -2 0 2 -1.441148e-21 0 0 0 -1.441148e-21 0 0 0 -1.432895e-21
0 0 0 0 0 2 7.479104e-22 0 0 0 7.479104e-22 0 0 0 7.698398e-22
0 0 0 2 0 2 -1.441148e-21 0 0 0 -1.441148e-21 0 0 0 -1.432895e-21
0 0 0 4 0 2 -1.118498e-22 0 0 0 -1.118498e-22 0 0 0 -1.117593e-22
0 0 0 6 0 2 -1.179134e-22 0 0 0 -1.179134e-22 0 0 0 -1.179254e-22
0 0 0 8 0 2 -8.723945e-24 0 0 0 -8.723945e-24 0 0 0 -8.724213e-24
0 0 0 -9 1 2 -1.743899e-23 0 0 0 -1.743899e-23 0 0 0 -1.743899e-23
0 0 0 -7 1 2 4.381992e-24 0 0 0 4.381992e-24 0 0 0 4.383331e-24
0 0 0 -5 1 2 1.077125e-22 0 0 0 1.077125e-22 0 0 0 1.076353e-22
0 0 0 -3 1 2 -1.079705e-22 0 0 0 -1.079705e-22 0 0 0 -1.065965e-22
0 0 0 -1 1 2 1.506591e-21 0 0 0 1.506591e-21 0 0 0 1.520126e-21
0 0 0 1 1 2 1.506591e-21 0 0 0 1.506591e-21 0 0 0 1.520126e-21
0 0 0 3 1 2 -1.079705e-22 0 0 0 -1.079705e-22 0 0 0 -1.065965e-22
0 0 0 5 1 2 1.077125e-22 0 0 0 1.077125e-22 0 0 0 1.076353e-22
0 0 0 7 1 2 4.381992e-24 0 0 0 4.381992e-24 0 0 0 4.383331e-24
0 0 0 9 1 2 -1.743899e-23 0 0 0 -1.743899e-23 0 0 0 -1.743899e-23
0 0 0 -8 2 2 3.051824e-23 0 0 0 3.051824e-23 0 0 0 3.051824e-23
0 0 0 -6 2 2 -5.255721e-23 0 0 0 -5.255721e-23 0 0 0 -5.257167e-23
0 0 0 -4 2 2 1.624184e-22 0 0 0 1.624184e-22 0 0 0 1.622226e-22
0 0 0 -2 2 2 4.067912e-22 0 0 0 4.067912e-22 0 0 0 4.092338e-22
0 0 0 0 2 2 -1.441148e-21 0 0 0 -1.441148e-21 0 0 0 -1.432895e-21
0 0 0 2 2 2 4.067912e-22 0 0 0 4.067912e-22 0 0 0 4.092338e-22
0 0 0 4 2 2 1.624184e-22 0 0 0 1.624184e-22 0 0 0 1.622226e-22
0 0 0 6 2 2 -5.255721e-23 0 0 0 -5.255721e-23 0 0 0 -5.257167e-23
0 0 0 8 2 2 3.051824e-23 0 0 0 3.051824e-23 0 0 0 3.051824e-23
0 0 0 -9 3 2 -2.179874e-23 0 0 0 -2.179874e-23 0 0 0 -2.179874e-23
0 0 0 -7 3 2 1.334617e-26 0 0 0 1.334617e-26 0 0 0 1.414966e-26
0 0 0 -5 3 2 -1.894711e-23 0 0 0 -1.894711e-23 0 0 0 -1.903790e-23
0 0 0 -3 3 2 -1.438984e-22 0 0 0 -1.438984e-22 0 0 0 -1.441625e-22
0 0 0 -1 3 2 -1.079705e-22 0 0 0 -1.079705e-22 0 0 0 -1.065965e-22
0 0 0 1 3 2 -1.079705e-22 0 0 0 -1.079705e-22 0 0 0 -1.065965e-22
0 0 0 3 3 2 -1.438984e-22 0 0 0 -1.438984e-22 0 0 0 -1.441625e-22
0 0 0 5 3 2 -1.894711e-23 0 0 0 -1.894711e-23 0 0 0 -1.903790e-23
0 0 0 7 3 2 1.334617e-26 0 0 0 1.334617e-26 0 0 0 1.414966e-26
0 0 0 9 3 2 -2.179874e-23 0 0 0 -2.179874e-23 0 0 0 -2.179874e-23
0 0 0 -8 4 2 1.744344e-23 0 0 0 1.744344e-23 0 0 0 1.744371e-23
0 0 0 -6 4 2 -4.804398e-23 0 0 0 -4.804398e-23 0 0 0 -4.804920e-23
0 0 0 -4 4 2 3.239560e-23 0 0 0 3.239560e-23 0 0 0 3.224615e-23
0 0 0 -2 4 2 1.624184e-22 0 0 0 1.624184e-22 0 0 0 1.622226e-22
0 0 0 0 4 2 -1.118498e-22 0 0 0 -1.118498e-22 0 0 0 -1.117593e-22
0 0 0 2 4 2 1.624184e-22 0 0 0 1.624184e-22 0 0 0 1.622226e-22
0 0 0 4 4 2 3.239560e-23 0 0 0 3.239560e-23 0 0 0 3.224615e-23
0 0 0 6 4 2 -4.804398e-23 0 0 0 -4.804398e-23 0 0 0 -4.804920e-23
0 0 0 8 4 2 1.744344e-23 0 0 0 1.744344e-23 0 0 0 1.744371e-23
0 0 0 -7 5 2 4.361528e-23 0 0 0 4.361528e-23 0 0 0 4.361635e-23
0 0 0 -5 5 2 2.159855e-23 0 0 0 2.159855e-23 0 0 0 2.158650e-23
0 0 0 -3 5 2 -1.894711e-23 0 0 0 -1.894711e-23 0 0 0 -1.903790e-23
0 0 0 -1 5 2 1.077125e-22 0 0 0 1.077125e-22 0 0 0 1.076353e-22
0 0 0 1 5 2 1.077125e-22 0 0 0 1.077125e-22 0 0 0 1.076353e-22
0 0 0 3 5 2 -1.894711e-23 0 0 0 -1.894711e-23 0 0 0 -1.903790e-23
0 0 0 5 5 2 2.159855e-23 0 0 0 2.159855e-23 0 0 0 2.158650e-23
0 0 0 7 5 2 4.361528e-23 0 0 0 4.361528e-23 0 0 0 4.361635e-23
0 0 0 -8 6 2 2.224361e-27 0 0 0 2.224361e-27 0 0 0 2.358277e-27
0 0 0 -6 6 2 -4.357079e-23 0 0 0 -4.357079e-23 0 0 0 -4.356918e-23
0 0 0 -4 6 2 -4.804398e-23 0 0 0 -4.804398e-23 0 0 0 -4.804920e-23
0 0 0 -2 6 2 -5.255721e-23 0 0 0 -5.255721e-23 0 0 0 -5.257167e-23
0 0 0 0 6 2 -1.179134e-22 0 0 0 -1.179134e-22 0 0 0 -1.179254e-22
0 0 0 2 6 2 -5.255721e-23 0 0 0 -5.255721e-23 0 0 0 -5.257167e-23
0 0 0 4 6 2 -4.804398e-23 0 0 0 -4.804398e-23 0 0 0 -4.804920e-23
0 0 0 6 6 2 -4.357079e-23 0 0 0 -4.357079e-23 0 0 0 -4.356918e-23
0 0 0 8 6 2 2.224361e-27 0 0 0 2.224361e-27 0 0 0 2.358277e-27
0 0 0 -7 7 2 4.448723e-27 0 0 0 4.448723e-27 0 0 0 4.716554e-27
0 0 0 -5 7 2 4.361528e-23 0 0 0 4.361528e-23 0 0 0 4.361635e-23
0 0 0 -3 7 2 1.334617e-26 0 0 0 1.334617e-26 0 0 0 1.414966e-26
0 0 0 -1 7 2 4.381992e-24 0 0 0 4.381992e-24 0 0 0 4.383331e-24
0 0 0 1 7 2 4.381992e-24 0 0 0 4.381992e-24 0 0 0 4.383331e-24
0 0 0 3 7 2 1.334617e-26 0 0 0 1.334617e-26 0 0 0 1.414966e-26
0 0 0 5 7 2 4.361528e-23 0 0 0 4.361528e-23 0 0 0 4.361635e-23
0 0 0 7 7 2 4.448723e-27 0 0 0 4.448723e-27 0 0 0 4.716554e-27
0 0 0 -6 8 2 2.224361e-27 0 0 0 2.224361e-27 0 0 0 2.358277e-27
0 0 0 -4 8 2 1.744344e-23 0 0 0 1.744344e-23 0 0 0 1.744371e-23
0 0 0 -2 8 2 3.051824e-23 0 0 0 3.051824e-23 0 0 0 3.051824e-23
0 0 0 0 8 2 -8.723945e-24 0 0 0 -8.723945e-24 0 0 0 -8.724213e-24
0 0 0 2 8 2 3.051824e-23 0 0 0 3.051824e-23 0 0 0 3.051824e-23
0 0 0 4 8 2 1.744344e-23 0 0 0 1.744344e-23 0 0 0 1.744371e-23
0 0 0 6 8 2 2.224361e-27 0 0 0 2.224361e-27 0 0 0 2.358277e-27
0 0 0 -3 9 2 -2.179874e-23 0 0 0 -2.179874e-23 0 0 0 -2.179874e-23
0 0 0 -1 9 2 -1.743899e-23 0 0 0 -1.743899e-23 0 0 0 -1.743899e-23
0 0 0 1 9 2 -1.743899e-23 0 0 0 -1.743899e-23 0 0 0 -1.743899e-23
0 0 0 3 9 2 -2.179874e-23 0 0 0 -2.179874e-23 0 0 0 -2.179874e-23
0 0 0 -1 -9 4 1.743899e-23 0 0 0 1.743899e-23 0 0 0 1.743899e-23
0 0 0 1 -9 4 1.743899e-23 0 0 0 1.743899e-23 0 0 0 1.743899e-23
0 0 0 -4 -8 4 -8.719496e-24 0 0 0 -8.719496e-24 0 0 0 -8.719496e-24
0 0 0 -2 -8 4 4.359748e-24 0 0 0 4.359748e-24 0 0 0 4.359748e-24
0 0 0 0 -8 4 1.307924e-23 0 0 0 1.307924e-23 0 0 0 1.307924e-23
0 0 0 2 -8 4 4.359748e-24 0 0 0 4.359748e-24 0 0 0 4.359748e-24
0 0 0 4 -8 4 -8.719496e-24 0 0 0 -8.719496e-24 0 0 0 -8.719496e-24
0 0 0 -5 -7 4 1.307924e-23 0 0 0 1.307924e-23 0 0 0 1.307924e-23
0 0 0 -3 -7 4 4.368646e-24 0 0 0 4.368646e-24 0 0 0 4.369181e-24
0 0 0 -1 -7 4 4.359748e-24 0 0 0 4.359748e-24 0 0 0 4.359748e-24
0 0 0 1 -7 4 4.359748e-24 0 0 0 4.359748e-24 0 0 0 4.359748e-24
0 0 0 3 -7 4 4.368646e-24 0 0 0 4.368646e-24 0 0 0 4.369181e-24
0 0 0 5 -7 4 1.307924e-23 0 0 0 1.307924e-23 0 0 0 1.307924e-23
0 0 0 -6 -6 4 1.307924e-23 0 0 0 1.307924e-23 0 0 0 1.307924e-23
0 0 0 -4 -6 4 1.334617e-26 0 0 0 1.334617e-26 0 0 0 1.414966e-26
0 0 0 -2 -6 4 -3.484684e-23 0 0 0 -3.484684e-23 0 0 0 -3.484497e-23
0 0 0 0 -6 4 -4.361528e-23 0 0 0 -4.361528e-23 0 0 0 -4.361635e-23
0 0 0 2 -6 4 -3.484684e-23 0 0 0 -3.484684e-23 0 0 0 -3.484497e-23
0 0 0 4 -6 4 1.334617e-26 0 0 0 1.334617e-26 0 0 0 1.414966e-26
0 0 0 6 -6 4 1.307924e-23 0 0 0 1.307924e-23 0 0 0 1.307924e-23
0 0 0 -7 -5 4 1.307924e-23 0 0 0 1.307924e-23 0 0 0 1.307924e-23
0 0 0 -5 -5 4 8.728394e-24 0 0 0 8.728394e-24 0 0 0 8.728930e-24
0 0 0 -3 -5 4 2.669234e-26 0 0 0 2.669234e-26 0 0 0 2.829932e-26
0 0 0 -1 -5 4 1.719876e-23 0 0 0 1.719876e-23 0 0 0 1.718430e-23
0 0 0 1 -5 4 1.719876e-23 0 0 0 1.719876e-23 0 0 0 1.718430e-23
0 0 0 3 -5 4 2.669234e-26 0 0 0 2.669234e-26 0 0 0 2.829932e-26
0 0 0 5 -5 4 8.728394e-24 0 0 0 8.728394e-24 0 0 0 8.728930e-24
0 0 0 7 -5 4 1.307924e-23 0 0 0 1.307924e-23 0 0 0 1.307924e-23
0 0 0 -8 -4 4 -8.719496e-24 0 0 0 -8.719496e-24 0 0 0 -8.719496e-24
0 0 0 -6 -4 4 1.334617e-26 0 0 0 1.334617e-26 0 0 0 1.414966e-26
0 0 0 -4 -4 4 -4.368646e-24 0 0 0 -4.368646e-24 0 0 0 -4.369181e-24
0 0 0 -2 -4 4 -2.223472e-23 0 0 0 -2.223472e-23 0 0 0 -2.226096e-23
0 0 0 0 -4 4 -1.062355e-23 0 0 0 -1.062355e-23 0 0 0 -1.073818e-23
0 0 0 2 -4 4 -2.223472e-23 0 0 0 -2.223472e-23 0 0 0 -2.226096e-23
0 0 0 4 -4 4 -4.368646e-24 0 0 0 -4.368646e-24 0 0 0 -4.369181e-24
0 0 0 6 -4 4 1.334617e-26 0 0 0 1.334617e-26 0 0 0 1.414966e-26
0 0 0 8 -4 4 -8.719496e-24 0 0 0 -8.719496e-24 0 0 0 -8.719496e-24
0 0 0 -7 -3 4 4.368646e-24 0 0 0 4.368646e-24 0 0 0 4.369181e-24
0 0 0 -5 -3 4 2.669234e-26 0 0 0 2.669234e-26 0 0 0 2.829932e-26
0 0 0 -3 -3 4 2.573141e-23 0 0 0 2.573141e-23 0 0 0 2.570570e-23
0 0 0 -1 -3 4 2.384070e-23 0 0 0 2.384070e-23 0 0 0 2.370116e-23
0 0 0 1 -3 4 2.384070e-23 0 0 0 2.384070e-23 0 0 0 2.370116e-23
0 0 0 3 -3 4 2.573141e-23 0 0 0 2.573141e-23 0 0 0 2.570570e-23
0 0 0 5 -3 4 2.669234e-26 0 0 0 2.669234e-26 0 0 0 2.829932e-26
0 0 0 7 -3 4 4.368646e-24 0 0 0 4.368646e-24 0 0 0 4.369181e-24
0 0 0 -8 -2 4 4.359748e-24 0 0 0 4.359748e-24 0 0 0 4.359748e-24
0 0 0 -6 -2 4 -3.484684e-23 0 0 0 -3.484684e-23 0 0 0 -3.484497e-23
0 0 0 -4 -2 4 -2.223472e-23 0 0 0 -2.223472e-23 0 0 0 -2.226096e-23
0 0 0 -2 -2 4 -2.315115e-23 0 0 0 -2.315115e-23 0 0 0 -2.323257e-23
0 0 0 0 -2 4 -1.517281e-22 0 0 0 -1.517281e-22 0 0 0 -1.516762e-22
0 0 0 2 -2 4 -2.315115e-23 0 0 0 -2.315115e-23 0 0 0 -2.323257e-23
0 0 0 4 -2 4 -2.223472e-23 0 0 0 -2.223472e-23 0 0 0 -2.226096e-23
0 0 0 6 -2 4 -3.484684e-23 0 0 0 -3.484684e-23 0 0 0 -3.484497e-23
0 0 0 8 -2 4 4.359748e-24 0 0 0 4.359748e-24 0 0 0 4.359748e-24
0 0 0 -9 -1 4 1.743899e-23 0 0 0 1.743899e-23 0 0 0 1.743899e-23
0 0 0 -7 -1 4 4.359748e-24 0 0 0 4.359748e-24 0 0 0 4.359748e-24
0 0 0 -5 -1 4 1.719876e-23 0 0 0 1.719876e-23 0 0 0 1.718430e-23
0 0 0 -3 -1 4 2.384070e-23 0 0 0 2.384070e-23 0 0 0 2.370116e-23
0 0 0 -1 -1 4 3.019259e-22 0 0 0 3.019259e-22 0 0 0 3.022548e-22
0 0 0 1 -1 4 3.019259e-22 0 0 0 3.019259e-22 0 0 0 3.022548e-22
0 0 0 3 -1 4 2.384070e-23 0 0 0 2.384070e-23 0 0 0 2.370116e-23
0 0 0 5 -1 4 1.719876e-23 0 0 0 1.719876e-23 0 0 0 1.718430e-23
0 0 0 7 -1 4 4.359748e-24 0 0 0 4.359748e-24 0 0 0 4.359748e-24
0 0 0 9 -1 4 1.743899e-23 0 0 0 1.743899e-23 0 0 0 1.743899e-23
0 0 0 -8 0 4 1.307924e-23 0 0 0 1.307924e-23 0 0 0 1.307924e-23
0 0 0 -6 0 4 -4.361528e-23 0 0 0 -4.361528e-23 0 0 0 -4.361635e-23
0 0 0 -4 0 4 -1.062355e-23 0 0 0 -1.062355e-23 0 0 0 -1.073818e-23
0 0 0 -2 0 4 -1.517281e-22 0 0 0 -1.517281e-22 0 0 0 -1.516762e-22
0 0 0 0 0 4 1.043670e-22 0 0 0 1.043670e-22 0 0 0 1.051384e-22
0 0 0 2 0 4 -1.517281e-22 0 0 0 -1.517281e-22 0 0 0 -1.516762e-22
0 0 0 4 0 4 -1.062355e-23 0 0 0 -1.062355e-23 0 0 0 -1.073818e-23
0 0 0 6 0 4 -4.361528e-23 0 0 0 -4.361528e-23 0 0 0 -4.361635e-23
0 0 0 8 0 4 1.307924e-23 0 0 0 1.307924e-23 0 0 0 1.307924e-23
0 0 0 -9 1 4 1.743899e-23 0 0 0 1.743899e-23 0 0 0 1.743899e-23
0 0 0 -7 1 4 4.359748e-24 0 0 0 4.359748e-24 0 0 0 4.359748e-24
0 0 0 -5 1 4 1.719876e-23 0 0 0 1.719876e-23 0 0 0 1.718430e-23
0 0 0 -3 1 4 2.384070e-23 0 0 0 2.384070e-23 0 0 0 2.370116e-23
0 0 0 -1 1 4 3.019259e-22 0 0 0 3.019259e-22 0 0 0 3.022548e-22
0 0 0 1 1 4 3.019259e-22 0 0 0 3.019259e-22 0 0 0 3.022548e-22
0 0 0 3 1 4 2.384070e-23 0 0 0 2.384070e-23 0 0 0 2.370116e-23
0 0 0 5 1 4 1.719876e-23 0 0 0 1.719876e-23 0 0 0 1.718430e-23
0 0 0 7 1 4 4.359748e-24 0 0 0 4.359748e-24 0 0 0 4.359748e-24
0 0 0 9 1 4 1.743899e-23 0 0 0 1.743899e-23 0 0 0 1.743899e-23
0 0 0 -8 2 4 4.359748e-24 0 0 0 4.359748e-24 0 0 0 4.359748e-24
0 0 0 -6 2 4 -3.484684e-23 0 0 0 -3.484684e-23 0 0 0 -3.484497e-23
0 0 0 -4 2 4 -2.223472e-23 0 0 0 -2.223472e-23 0 0 0 -2.226096e-23
0 0 0 -2 2 4 -2.315115e-23 0 0 0 -2.315115e-23 0 0 0 -2.323257e-23
0 0 0 0 2 4 -1.517281e-22 0 0 0 -1.517281e-22 0 0 0 -1.516762e-22
0 0 0 2 2 4 -2.315115e-23 0 0 0 -2.315115e-23 0 0 0 -2.323257e-23
0 0 0 4 2 4 -2.223472e-23 0 0 0 -2.223472e-23 0 0 0 -2.226096e-23
0 0 0 6 2 4 -3.484684e-23 0 0 0 -3.484684e-23 0 0 0 -3.484497e-23
0 0 0 8 2 4 4.359748e-24 0 0 0 4.359748e-24 0 0 0 4.359748e-24
0 0 0 -7 3 4 4.368646e-24 0 0 0 4.368646e-24 0 0 0 4.369181e-24
0 0 0 -5 3 4 2.669234e-26 0 0 0 2.669234e-26 0 0 0 2.829932e-26
0 0 0 -3 3 4 2.573141e-23 0 0 0 2.573141e-23 0 0 0 2.570570e-23
0 0 0 -1 3 4 2.384070e-23 0 0 0 2.384070e-23 0 0 0 2.370116e-23
0 0 0 1 3 4 2.384070e-23 0 0 0 2.384070e-23 0 0 0 2.370116e-23
0 0 0 3 3 4 2.573141e-23 0 0 0 2.573141e-23 0 0 0 2.570570e-23
0 0 0 5 3 4 2.669234e-26 0 0 0 2.669234e-26 0 0 0 2.829932e-26
0 0 0 7 3 4 4.368646e-24 0 0 0 4.368646e-24 0 0 0 4.369181e-24
0 0 0 -8 4 4 -8.719496e-24 0 0 0 -8.719496e-24 0 0 0 -8.719496e-24
0 0 0 -6 4 4 1.334617e-26 0 0 0 1.334617e-26 0 0 0 1.414966e-26
0 0 0 -4 4 4 -4.368646e-24 0 0 0 -4.368646e-24 0 0 0 -4.369181e-24
0 0 0 -2 4 4 -2.223472e-23 0 0 0 -2.223472e-23 0 0 0 -2.226096e-23
0 0 0 0 4 4 -1.062355e-23 0 0 0 -1.062355e-23 0 0 0 -1.073818e-23
0 0 0 2 4 4 -2.223472e-23 0 0 0 -2.223472e-23 0 0 0 -2.226096e-23
0 0 0 4 4 4 -4.368646e-24 0 0 0 -4.368646e-24 0 0 0 -4.369181e-24
0 0 0 6 4 4 1.334617e-26 0 0 0 1.334617e-26 0 0 0 1.414966e-26
0 0 0 8 4 4 -8.719496e-24 0 0 0 -8.719496e-24 0 0 0 -8.719496e-24
0 0 0 -7 5 4 1.307924e-23 0 0 0 1.307924e-23 0 0 0 1.307924e-23
0 0 0 -5 5 4 8.728394e-24 0 0 0 8.728394e-24 0 0 0 8.728930e-24
0 0 0 -3 5 4 2.669234e-26 0 0 0 2.669234e-26 0 0 0 2.829932e-26
0 0 0 -1 5 4 1.719876e-23 0 0 0 1.719876e-23 0 0 0 1.718430e-23
0 0 0 1 5 4 1.719876e-23 0 0 0 1.719876e-23 0 0 0 1.718430e-23
0 0 0 3 5 4 2.669234e-26 0 0 0 2.669234e-26 0 0 0 2.829932e-26
0 0 0 5 5 4 8.728394e-24 0 0 0 8.728394e-24 0 0 0 8.728930e-24
0 0 0 7 5 4 1.307924e-23 0 0 0 1.307924e-23 0 0 0 1.307924e-23
0 0 0 -6 6 4 1.307924e-23 0 0 0 1.307924e-23 0 0 0 1.307924e-23
0 0 0 -4 6 4 1.334617e-26 0 0 0 1.334617e-26 0 0 0 1.414966e-26
0 0 0 -2 6 4 -3.484684e-23 0 0 0 -3.484684e-23 0 0 0 -3.484497e-23
0 0 0 0 6 4 -4.361528e-23 0 0 0 -4.361528e-23 0 0 0 -4.361635e-23
0 0 0 2 6 4 -3.484684e-23 0 0 0 -3.484684e-23 0 0 0 -3.484497e-23
0 0 0 4 6 4 1.334617e-26 0 0 0 1.334617e-26 0 0 0 1.414966e-26
0 0 0 6 6 4 1.307924e-23 0 0 0 1.307924e-23 0 0 0 1.307924e-23
0 0 0 -5 7 4 1.307924e-23 0 0 0 1.307924e-23 0 0 0 1.307924e-23
0 0 0 -3 7 4 4.368646e-24 0 0 0 4.368646e-24 0 0 0 4.369181e-24
0 0 0 -1 7 4 4.359748e-24 0 0 0 4.359748e-24 0 0 0 4.359748e-24
0 0 0 1 7 4 4.359748e-24 0 0 0 4.359748e-24 0 0 0 4.359748e-24
0 0 0 3 7 4 4.368646e-24 0 0 0 4.368646e-24 0 0 0 4.369181e-24
0 0 0 5 7 4 1.307924e-23 0 0 0 1.307924e-23 0 0 0 1.307924e-23
0 0 0 -4 8 4 -8.719496e-24 0 0 0 -8.719496e-24 0 0 0 -8.719496e-24
0 0 0 -2 8 4 4.359748e-24 0 0 0 4.359748e-24 0 0 0 4.359748e-24
0 0 0 0 8 4 1.307924e-23 0 0 0 1.307924e-23 0 0 0 1.307924e-23
0 0 0 2 8 4 4.359748e-24 0 0 0 4.359748e-24 0 0 0 4.359748e-24
0 0 0 4 8 4 -8.719496e-24 0 0 0 -8.719496e-24 0 0 0 -8.719496e-24
0 0 0 -1 9 4 1.743899e-23 0 0 0 1.743899e-23 0 0 0 1.743899e-23
0 0 0 1 9 4 1.743899e-23 0 0 0 1.743899e-23 0 0 0 1.743899e-23
0 0 0 -4 -8 6 -4.448723e-27 0 0 0 -4.448723e-27 0 0 0 -4.716554e-27
0 0 0 -2 -8 6 -2.224361e-27 0 0 0 -2.224361e-27 0 0 0 -2.358277e-27
0 0 0 0 -8 6 8.723945e-24 0 0 0 8.723945e-24 0 0 0 8.724213e-24
0 0 0 2 -8 6 -2.224361e-27 0 0 0 -2.224361e-27 0 0 0 -2.358277e-27
0 0 0 4 -8 6 -4.448723e-27 0 0 0 -4.448723e-27 0 0 0 -4.716554e-27
0 0 0 -5 -7 6 -4.448723e-27 0 0 0 -4.448723e-27 0 0 0 -4.716554e-27
0 0 0 -3 -7 6 4.346402e-24 0 0 0 4.346402e-24 0 0 0 4.345599e-24
0 0 0 3 -7 6 4.346402e-24 0 0 0 4.346402e-24 0 0 0 4.345599e-24
0 0 0 5 -7 6 -4.448723e-27 0 0 0 -4.448723e-27 0 0 0 -4.716554e-27
0 0 0 -4 -6 6 -8.732843e-24 0 0 0 -8.732843e-24 0 0 0 -8.733646e-24
0 0 0 -2 -6 6 1.756801e-23 0 0 0 1.756801e-23 0 0 0 1.757577e-23
0 0 0 0 -6 6 3.513824e-23 0 0 0 3.513824e-23 0 0 0 3.515390e-23
0 0 0 2 -6 6 1.756801e-23 0 0 0 1.756801e-23 0 0 0 1.757577e-23
0 0 0 4 -6 6 -8.732843e-24 0 0 0 -8.732843e-24 0 0 0 -8.733646e-24
0 0 0 -7 -5 6 -4.448723e-27 0 0 0 -4.448723e-27 0 0 0 -4.716554e-27
0 0 0 -5 -5 6 -4.364197e-24 0 0 0 -4.364197e-24 0 0 0 -4.364465e-24
0 0 0 -3 -5 6 1.334617e-25 0 0 0 1.334617e-25 0 0 0 1.414966e-25
0 0 0 -1 -5 6 -2.966408e-23 0 0 0 -2.966408e-23 0 0 0 -2.961266e-23
0 0 0 1 -5 6 -2.966408e-23 0 0 0 -2.966408e-23 0 0 0 -2.961266e-23
0 0 0 3 -5 6 1.334617e-25 0 0 0 1.334617e-25 0 0 0 1.414966e-25
0 0 0 5 -5 6 -4.364197e-24 0 0 0 -4.364197e-24 0 0 0 -4.364465e-24
0 0 0 7 -5 6 -4.448723e-27 0 0 0 -4.448723e-27 0 0 0 -4.716554e-27
0 0 0 -8 -4 6 -4.448723e-27 0 0 0 -4.448723e-27 0 0 0 -4.716554e-27
0 0 0 -6 -4 6 -8.732843e-24 0 0 0 -8.732843e-24 0 0 0 -8.733646e-24
0 0 0 -4 -4 6 -2.615849e-23 0 0 0 -2.615849e-23 0 0 0 -2.615849e-23
0 0 0 -2 -4 6 2.265734e-23 0 0 0 2.265734e-23 0 0 0 2.270904e-23
0 0 0 0 -4 6 3.593233e-23 0 0 0 3.593233e-23 0 0 0 3.599581e-23
0 0 0 2 -4 6 2.265734e-23 0 0 0 2.265734e-23 0 0 0 2.270904e-23
0 0 0 4 -4 6 -2.615849e-23 0 0 0 -2.615849e-23 0 0 0 -2.615849e-23
0 0 0 6 -4 6 -8.732843e-24 0 0 0 -8.732843e-24 0 0 0 -8.733646e-24
0 0 0 8 -4 6 -4.448723e-27 0 0 0 -4.448723e-27 0 0 0 -4.716554e-27
0 0 0 -7 -3 6 4.346402e-24 0 0 0 4.346402e-24 0 0 0 4.345599e-24
0 0 0 -5 -3 6 1.334617e-25 0 0 0 1.334617e-25 0 0 0 1.414966e-25
0 0 0 -3 -3 6 2.668344e-23 0 0 0 2.668344e-23 0 0 0 2.671504e-23
0 0 0 -1 -3 6 -3.805882e-23 0 0 0 -3.805882e-23 0 0 0 -3.798785e-23
0 0 0 1 -3 6 -3.805882e-23 0 0 0 -3.805882e-23 0 0 0 -3.798785e-23
0 0 0 3 -3 6 2.668344e-23 0 0 0 2.668344e-23 0 0 0 2.671504e-23
0 0 0 5 -3 6 1.334617e-25 0 0 0 1.334617e-25 0 0 0 1.414966e-25
0 0 0 7 -3 6 4.346402e-24 0 0 0 4.346402e-24 0 0 0 4.345599e-24
0 0 0 -8 -2 6 -2.224361e-27 0 0 0 -2.224361e-27 0 0 0 -2.358277e-27
0 0 0 -6 -2 6 1.756801e-23 0 0 0 1.756801e-23 0 0 0 1.757577e-23
0 0 0 -4 -2 6 2.265734e-23 0 0 0 2.265734e-23 0 0 0 2.270904e-23
0 0 0 -2 -2 6 -1.575738e-23 0 0 0 -1.575738e-23 0 0 0 -1.565614e-23
0 0 0 0 -2 6 4.058125e-23 0 0 0 4.058125e-23 0 0 0 4.066213e-23
0 0 0 2 -2 6 -1.575738e-23 0 0 0 -1.575738e-23 0 0 0 -1.565614e-23
0 0 0 4 -2 6 2.265734e-23 0 0 0 2.265734e-23 0 0 0 2.270904e-23
0 0 0 6 -2 6 1.756801e-23 0 0 0 1.756801e-23 0 0 0 1.757577e-23
0 0 0 8 -2 6 -2.224361e-27 0 0 0 -2.224361e-27 0 0 0 -2.358277e-27
0 0 0 -5 -1 6 -2.966408e-23 0 0 0 -2.966408e-23 0 0 0 -2.961266e-23
0 0 0 -3 -1 6 -3.805882e-23 0 0 0 -3.805882e-23 0 0 0 -3.798785e-23
0 0 0 -1 -1 6 -1.131755e-23 0 0 0 -1.131755e-23 0 0 0 -1.121149e-23
0 0 0 1 -1 6 -1.131755e-23 0 0 0 -1.131755e-23 0 0 0 -1.121149e-23
0 0 0 3 -1 6 -3.805882e-23 0 0 0 -3.805882e-23 0 0 0 -3.798785e-23
0 0 0 5 -1 6 -2.966408e-23 0 0 0 -2.966408e-23 0 0 0 -2.961266e-23
0 0 0 -8 0 6 8.723945e-24 0 0 0 8.723945e-24 0 0 0 8.724213e-24
0 0 0 -6 0 6 3.513824e-23 0 0 0 3.513824e-23 0 0 0 3.515390e-23
0 0 0 -4 0 6 3.593233e-23 0 0 0 3.593233e-23 0 0 0 3.599581e-23
0 0 0 -2 0 6 4.058125e-23 0 0 0 4.058125e-23 0 0 0 4.066213e-23
0 0 0 0 0 6 1.864015e-23 0 0 0 1.864015e-23 0 0 0 1.871246e-23
0 0 0 2 0 6 4.058125e-23 0 0 0 4.058125e-23 0 0 0 4.066213e-23
0 0 0 4 0 6 3.593233e-23 0 0 0 3.593233e-23 0 0 0 3.599581e-23
0 0 0 6 0 6 3.513824e-23 0 0 0 3.513824e-23 0 0 0 3.515390e-23
0 0 0 8 0 6 8.723945e-24 0 0 0 8.723945e-24 0 0 0 8.724213e-24
0 0 0 -5 1 6 -2.966408e-23 0 0 0 -2.966408e-23 0 0 0 -2.961266e-23
0 0 0 -3 1 6 -3.805882e-23 0 0 0 -3.805882e-23 0 0 0 -3.798785e-23
0 0 0 -1 1 6 -1.131755e-23 0 0 0 -1.131755e-23 0 0 0 -1.121149e-23
0 0 0 1 1 6 -1.131755e-23 0 0 0 -1.131755e-23 0 0 0 -1.121149e-23
0 0 0 3 1 6 -3.805882e-23 0 0 0 -3.805882e-23 0 0 0 -3.798785e-23
0 0 0 5 1 6 -2.966408e-23 0 0 0 -2.966408e-23 0 0 0 -2.961266e-23
0 0 0 -8 2 6 -2.224361e-27 0 0 0 -2.224361e-27 0 0 0 -2.358277e-27
0 0 0 -6 2 6 1.756801e-23 0 0 0 1.756801e-23 0 0 0 1.757577e-23
0 0 0 -4 2 6 2.265734e-23 0 0 0 2.265734e-23 0 0 0 2.270904e-23
0 0 0 -2 2 6 -1.575738e-23 0 0 0 -1.575738e-23 0 0 0 -1.565614e-23
0 0 0 0 2 6 4.058125e-23 0 0 0 4.058125e-23 0 0 0 4.066213e-23
0 0 0 2 2 6 -1.575738e-23 0 0 0 -1.575738e-23 0 0 0 -1.565614e-23
0 0 0 4 2 6 2.265734e-23 0 0 0 2.265734e-23 0 0 0 2.270904e-23
0 0 0 6 2 6 1.756801e-23 0 0 0 1.756801e-23 0 0 0 1.757577e-23
0 0 0 8 2 6 -2.224361e-27 0 0 0 -2.224361e-27 0 0 0 -2.358277e-27
0 0 0 -7 3 6 4.346402e-24 0 0 0 4.346402e-24 0 0 0 4.345599e-24
0 0 0 -5 3 6 1.334617e-25 0 0 0 1.334617e-25 0 0 0 1.414966e-25
0 0 0 -3 3 6 2.668344e-23 0 0 0 2.668344e-23 0 0 0 2.671504e-23
0 0 0 -1 3 6 -3.805882e-23 0 0 0 -3.805882e-23 0 0 0 -3.798785e-23
0 0 0 1 3 6 -3.805882e-23 0 0 0 -3.805882e-23 0 0 0 -3.798785e-23
0 0 0 3 3 6 2.668344e-23 0 0 0 2.668344e-23 0 0 0 2.671504e-23
0 0 0 5 3 6 1.334617e-25 0 0 0 1.334617e-25 0 0 0 1.414966e-25
0 0 0 7 3 6 4.346402e-24 0 0 0 4.346402e-24 0 0 0 4.345599e-24
0 0 0 -8 4 6 -4.448723e-27 0 0 0 -4.448723e-27 0 0 0 -4.716554e-27
0 0 0 -6 4 6 -8.732843e-24 0 0 0 -8.732843e-24 0 0 0 -8.733646e-24
0 0 0 -4 4 6 -2.615849e-23 0 0 0 -2.615849e-23 0 0 0 -2.615849e-23
0 0 0 -2 4 6 2.265734e-23 0 0 0 2.265734e-23 0 0 0 2.270904e-23
0 0 0 0 4 6 3.593233e-23 0 0 0 3.593233e-23 0 0 0 3.599581e-23
0 0 0 2 4 6 2.265734e-23 0 0 0 2.265734e-23 0 0 0 2.270904e-23
0 0 0 4 4 6 -2.615849e-23 0 0 0 -2.615849e-23 0 0 0 -2.615849e-23
0 0 0 6 4 6 -8.732843e-24 0 0 0 -8.732843e-24 0 0 0 -8.733646e-24
0 0 0 8 4 6 -4.448723e-27 0 0 0 -4.448723e-27 0 0 0 -4.716554e-27
0 0 0 -7 5 6 -4.448723e-27 0 0 0 -4.448723e-27 0 0 0 -4.716554e-27
0 0 0 -5 5 6 -4.364197e-24 0 0 0 -4.364197e-24 0 0 0 -4.364465e-24
0 0 0 -3 5 6 1.334617e-25 0 0 0 1.334617e-25 0 0 0 1.414966e-25
0 0 0 -1 5 6 -2.966408e-23 0 0 0 -2.966408e-23 0 0 0 -2.961266e-23
0 0 0 1 5 6 -2.966408e-23 0 0 0 -2.966408e-23 0 0 0 -2.961266e-23
0 0 0 3 5 6 1.334617e-25 0 0 0 1.334617e-25 0 0 0 1.414966e-25
0 0 0 5 5 6 -4.364197e-24 0 0 0 -4.364197e-24 0 0 0 -4.364465e-24
0 0 0 7 5 6 -4.448723e-27 0 0 0 -4.448723e-27 0 0 0 -4.716554e-27
0 0 0 -4 6 6 -8.732843e-24 0 0 0 -8.732843e-24 0 0 0 -8.733646e-24
0 0 0 -2 6 6 1.756801e-23 0 0 0 1.756801e-23 0 0 0 1.757577e-23
0 0 0 0 6 6 3.513824e-23 0 0 0 3.513824e-23 0 0 0 3.515390e-23
0 0 0 2 6 6 1.756801e-23 0 0 0 1.756801e-23 0 0 0 1.757577e-23
0 0 0 4 6 6 -8.732843e-24 0 0 0 -8.732843e-24 0 0 0 -8.733646e-24
0 0 0 -5 7 6 -4.448723e-27 0 0 0 -4.448723e-27 0 0 0 -4.716554e-27
0 0 0 -3 7 6 4.346402e-24 0 0 0 4.346402e-24 0 0 0 4.345599e-24
0 0 0 3 7 6 4.346402e-24 0 0 0 4.346402e-24 0 0 0 4.345599e-24
0 0 0 5 7 6 -4.448723e-27 0 0 0 -4.448723e-27 0 0 0 -4.716554e-27
0 0 0 -4 8 6 -4.448723e-27 0 0 0 -4.448723e-27 0 0 0 -4.716554e-27
0 0 0 -2 8 6 -2.224361e-27 0 0 0 -2.224361e-27 0 0 0 -2.358277e-27
0 0 0 0 8 6 8.723945e-24 0 0 0 8.723945e-24 0 0 0 8.724213e-24
0 0 0 2 8 6 -2.224361e-27 0 0 0 -2.224361e-27 0 0 0 -2.358277e-27
0 0 0 4 8 6 -4.448723e-27 0 0 0 -4.448723e-27 0 0 0 -4.716554e-27
0 0 0 -2 -8 8 -4.448723e-27 0 0 0 -4.448723e-27 0 0 0 -4.716554e-27
0 0 0 0 -8 8 -8.897445e-27 0 0 0 -8.897445e-27 0 0 0 -9.433108e-27
0 0 0 2 -8 8 -4.448723e-27 0 0 0 -4.448723e-27 0 0 0 -4.716554e-27
0 0 0 -2 -6 8 4.346402e-24 0 0 0 4.346402e-24 0 0 0 4.345599e-24
0 0 0 0 -6 8 -4.381992e-24 0 0 0 -4.381992e-24 0 0 0 -4.383331e-24
0 0 0 2 -6 8 4.346402e-24 0 0 0 4.346402e-24 0 0 0 4.345599e-24
0 0 0 -5 -5 8 -8.897445e-27 0 0 0 -8.897445e-27 0 0 0 -9.433108e-27
0 0 0 -3 -5 8 -8.741740e-24 0 0 0 -8.741740e-24 0 0 0 -8.743079e-24
0 0 0 -1 -5 8 8.897445e-27 0 0 0 8.897445e-27 0 0 0 9.433108e-27
0 0 0 1 -5 8 8.897445e-27 0 0 0 8.897445e-27 0 0 0 9.433108e-27
0 0 0 3 -5 8 -8.741740e-24 0 0 0 -8.741740e-24 0 0 0 -8.743079e-24
0 0 0 5 -5 8 -8.897445e-27 0 0 0 -8.897445e-27 0 0 0 -9.433108e-27
0 0 0 -4 -4 8 -8.719496e-24 0 0 0 -8.719496e-24 0 0 0 -8.719496e-24
0 0 0 -2 -4 8 8.732843e-24 0 0 0 8.732843e-24 0 0 0 8.733646e-24
0 0 0 0 -4 8 -8.719496e-24 0 0 0 -8.719496e-24 0 0 0 -8.719496e-24
0 0 0 2 -4 8 8.732843e-24 0 0 0 8.732843e-24 0 0 0 8.733646e-24
0 0 0 4 -4 8 -8.719496e-24 0 0 0 -8.719496e-24 0 0 0 -8.719496e-24
0 0 0 -5 -3 8 -8.741740e-24 0 0 0 -8.741740e-24 0 0 0 -8.743079e-24
0 0 0 -3 -3 8 8.675009e-24 0 0 0 8.675009e-24 0 0 0 8.672331e-24
0 0 0 -1 -3 8 -4.373094e-24 0 0 0 -4.373094e-24 0 0 0 -4.373898e-24
0 0 0 1 -3 8 -4.373094e-24 0 0 0 -4.373094e-24 0 0 0 -4.373898e-24
0 0 0 3 -3 8 8.675009e-24 0 0 0 8.675009e-24 0 0 0 8.672331e-24
0 0 0 5 -3 8 -8.741740e-24 0 0 0 -8.741740e-24 0 0 0 -8.743079e-24
0 0 0 -8 -2 8 -4.448723e-27 0 0 0 -4.448723e-27 0 0 0 -4.716554e-27
0 0 0 -6 -2 8 4.346402e-24 0 0 0 4.346402e-24 0 0 0 4.345599e-24
0 0 0 -4 -2 8 8.732843e-24 0 0 0 8.732843e-24 0 0 0 8.733646e-24
0 0 0 -2 -2 8 8.737291e-24 0 0 0 8.737291e-24 0 0 0 8.738363e-24
0 0 0 0 -2 8 -3.558978e-26 0 0 0 -3.558978e-26 0 0 0 -3.773243e-26
0 0 0 2 -2 8 8.737291e-24 0 0 0 8.737291e-24 0 0 0 8.738363e-24
0 0 0 4 -2 8 8.732843e-24 0 0 0 8.732843e-24 0 0 0 8.733646e-24
0 0 0 6 -2 8 4.346402e-24 0 0 0 4.346402e-24 0 0 0 4.345599e-24
0 0 0 8 -2 8 -4.448723e-27 0 0 0 -4.448723e-27 0 0 0 -4.716554e-27
0 0 0 -5 -1 8 8.897445e-27 0 0 0 8.897445e-27 0 0 0 9.433108e-27
0 0 0 -3 -1 8 -4.373094e-24 0 0 0 -4.373094e-24 0 0 0 -4.373898e-24
0 0 0 -1 -1 8 -1.305255e-23 0 0 0 -1.305255e-23 0 0 0 -1.305095e-23
0 0 0 1 -1 8 -1.305255e-23 0 0 0 -1.305255e-23 0 0 0 -1.305095e-23
0 0 0 3 -1 8 -4.373094e-24 0 0 0 -4.373094e-24 0 0 0 -4.373898e-24
0 0 0 5 -1 8 8.897445e-27 0 0 0 8.897445e-27 0 0 0 9.433108e-27
0 0 0 -8 0 8 -8.897445e-27 0 0 0 -8.897445e-27 0 0 0 -9.433108e-27
0 0 0 -6 0 8 -4.381992e-24 0 0 0 -4.381992e-24 0 0 0 -4.383331e-24
0 0 0 -4 0 8 -8.719496e-24 0 0 0 -8.719496e-24 0 0 0 -8.719496e-24
0 0 0 -2 0 8 -3.558978e-26 0 0 0 -3.558978e-26 0 0 0 -3.773243e-26
0 0 0 0 0 8 2.170977e-23 0 0 0 2.170977e-23 0 0 0 2.170441e-23
0 0 0 2 0 8 -3.558978e-26 0 0 0 -3.558978e-26 0 0 0 -3.773243e-26
0 0 0 4 0 8 -8.719496e-24 0 0 0 -8.719496e-24 0 0 0 -8.719496e-24
0 0 0 6 0 8 -4.381992e-24 0 0 0 -4.381992e-24 0 0 0 -4.383331e-24
0 0 0 8 0 8 -8.897445e-27 0 0 0 -8.897445e-27 0 0 0 -9.433108e-27
0 0 0 -5 1 8 8.897445e-27 0 0 0 8.897445e-27 0 0 0 9.433108e-27
0 0 0 -3 1 8 -4.373094e-24 0 0 0 -4.373094e-24 0 0 0 -4.373898e-24
0 0 0 -1 1 8 -1.305255e-23 0 0 0 -1.305255e-23 0 0 0 -1.305095e-23
0 0 0 1 1 8 -1.305255e-23 0 0 0 -1.305255e-23 0 0 0 -1.305095e-23
0 0 0 3 1 8 -4.373094e-24 0 0 0 -4.373094e-24 0 0 0 -4.373898e-24
0 0 0 5 1 8 8.897445e-27 0 0 0 8.897445e-27 0 0 0 9.433108e-27
0 0 0 -8 2 8 -4.448723e-27 0 0 0 -4.448723e-27 0 0 0 -4.716554e-27
0 0 0 -6 2 8 4.346402e-24 0 0 0 4.346402e-24 0 0 0 4.345599e-24
0 0 0 -4 2 8 8.732843e-24 0 0 0 8.732843e-24 0 0 0 8.733646e-24
0 0 0 -2 2 8 8.737291e-24 0 0 0 8.737291e-24 0 0 0 8.738363e-24
0 0 0 0 2 8 -3.558978e-26 0 0 0 -3.558978e-26 0 0 0 -3.773243e-26
0 0 0 2 2 8 8.737291e-24 0 0 0 8.737291e-24 0 0 0 8.738363e-24
0 0 0 4 2 8 8.732843e-24 0 0 0 8.732843e-24 0 0 0 8.733646e-24
0 0 0 6 2 8 4.346402e-24 0 0 0 4.346402e-24 0 0 0 4.345599e-24
0 0 0 8 2 8 -4.448723e-27 0 0 0 -4.448723e-27 0 0 0 -4.716554e-27
0 0 0 -5 3 8 -8.741740e-24 0 0 0 -8.741740e-24 0 0 0 -8.743079e-24
0 0 0 -3 3 8 8.675009e-24 0 0 0 8.675009e-24 0 0 0 8.672331e-24
0 0 0 -1 3 8 -4.373094e-24 0 0 0 -4.373094e-24 0 0 0 -4.373898e-24
0 0 0 1 3 8 -4.373094e-24 0 0 0 -4.373094e-24 0 0 0 -4.373898e-24
0 0 0 3 3 8 8.675009e-24 0 0 0 8.675009e-24 0 0 0 8.672331e-24
0 0 0 5 3 8 -8.741740e-24 0 0 0 -8.741740e-24 0 0 0 -8.743079e-24
0 0 0 -4 4 8 -8.719496e-24 0 0 0 -8.719496e-24 0 0 0 -8.719496e-24
0 0 0 -2 4 8 8.732843e-24 0 0 0 8.732843e-24 0 0 0 8.733646e-24
0 0 0 0 4 8 -8.719496e-24 0 0 0 -8.719496e-24 0 0 0 -8.719496e-24
0 0 0 2 4 8 8.732843e-24 0 0 0 8.732843e-24 0 0 0 8.733646e-24
0 0 0 4 4 8 -8.719496e-24 0 0 0 -8.719496e-24 0 0 0 -8.719496e-24
0 0 0 -5 5 8 -8.897445e-27 0 0 0 -8.897445e-27 0 0 0 -9.433108e-27
0 0 0 -3 5 8 -8.741740e-24 0 0 0 -8.741740e-24 0 0 0 -8.743079e-24
0 0 0 -1 5 8 8.897445e-27 0 0 0 8.897445e-27 0 0 0 9.433108e-27
0 0 0 1 5 8 8.897445e-27 0 0 0 8.897445e-27 0 0 0 9.433108e-27
0 0 0 3 5 8 -8.741740e-24 0 0 0 -8.741740e-24 0 0 0 -8.743079e-24
0 0 0 5 5 8 -8.897445e-27 0 0 0 -8.897445e-27 0 0 0 -9.433108e-27
0 0 0 -2 6 8 4.346402e-24 0 0 0 4.346402e-24 0 0 0 4.345599e-24
0 0 0 0 6 8 -4.381992e-24 0 0 0 -4.381992e-24 0 0 0 -4.383331e-24
0 0 0 2 6 8 4.346402e-24 0 0 0 4.346402e-24 0 0 0 4.345599e-24
0 0 0 -2 8 8 -4.448723e-27 0 0 0 -4.448723e-27 0 0 0 -4.716554e-27
0 0 0 0 8 8 -8.897445e-27 0 0 0 -8.897445e-27 0 0 0 -9.433108e-27
0 0 0 2 8 8 -4.448723e-27 0 0 0 -4.448723e-27 0 0 0 -4.716554e-27
0 0 0 -2 -8 10 2.224361e-27 0 0 0 2.224361e-27 0 0 0 2.358277e-27
0 0 0 0 -8 10 4.448723e-27 0 0 0 4.448723e-27 0 0 0 4.716554e-27
0 0 0 2 -8 10 2.224361e-27 0 0 0 2.224361e-27 0 0 0 2.358277e-27
0 0 0 -1 -7 10 -4.448723e-27 0 0 0 -4.448723e-27 0 0 0 -4.716554e-27
0 0 0 1 -7 10 -4.448723e-27 0 0 0 -4.448723e-27 0 0 0 -4.716554e-27
0 0 0 -2 -6 10 4.448723e-27 0 0 0 4.448723e-27 0 0 0 4.716554e-27
0 0 0 0 -6 10 1.112181e-26 0 0 0 1.112181e-26 0 0 0 1.179138e-26
0 0 0 2 -6 10 4.448723e-27 0 0 0 4.448723e-27 0 0 0 4.716554e-27
0 0 0 -5 -5 10 4.448723e-27 0 0 0 4.448723e-27 0 0 0 4.716554e-27
0 0 0 -3 -5 10 8.897445e-27 0 0 0 8.897445e-27 0 0 0 9.433108e-27
0 0 0 3 -5 10 8.897445e-27 0 0 0 8.897445e-27 0 0 0 9.433108e-27
0 0 0 5 -5 10 4.448723e-27 0 0 0 4.448723e-27 0 0 0 4.716554e-27
0 0 0 -4 -4 10 -8.897445e-27 0 0 0 -8.897445e-27 0 0 0 -9.433108e-27
0 0 0 -2 -4 10 -6.673084e-27 0 0 0 -6.673084e-27 0 0 0 -7.074831e-27
0 0 0 0 -4 10 4.448723e-27 0 0 0 4.448723e-27 0 0 0 4.716554e-27
0 0 0 2 -4 10 -6.673084e-27 0 0 0 -6.673084e-27 0 0 0 -7.074831e-27
0 0 0 4 -4 10 -8.897445e-27 0 0 0 -8.897445e-27 0 0 0 -9.433108e-27
0 0 0 -5 -3 10 8.897445e-27 0 0 0 8.897445e-27 0 0 0 9.433108e-27
0 0 0 -3 -3 10 2.224361e-26 0 0 0 2.224361e-26 0 0 0 2.358277e-26
0 0 0 -1 -3 10 8.897445e-27 0 0 0 8.897445e-27 0 0 0 9.433108e-27
0 0 0 1 -3 10 8.897445e-27 0 0 0 8.897445e-27 0 0 0 9.433108e-27
0 0 0 3 -3 10 2.224361e-26 0 0 0 2.224361e-26 0 0 0 2.358277e-26
0 0 0 5 -3 10 8.897445e-27 0 0 0 8.897445e-27 0 0 0 9.433108e-27
0 0 0 -8 -2 10 2.224361e-27 0 0 0 2.224361e-27 0 0 0 2.358277e-27
0 0 0 -6 -2 10 4.448723e-27 0 0 0 4.448723e-27 0 0 0 4.716554e-27
0 0 0 -4 -2 10 -6.673084e-27 0 0 0 -6.673084e-27 0 0 0 -7.074831e-27
0 0 0 0 -2 10 -8.701702e-24 0 0 0 -8.701702e-24 0 0 0 -8.700630e-24
0 0 0 4 -2 10 -6.673084e-27 0 0 0 -6.673084e-27 0 0 0 -7.074831e-27
0 0 0 6 -2 10 4.448723e-27 0 0 0 4.448723e-27 0 0 0 4.716554e-27
0 0 0 8 -2 10 2.224361e-27 0 0 0 2.224361e-27 0 0 0 2.358277e-27
0 0 0 -7 -1 10 -4.448723e-27 0 0 0 -4.448723e-27 0 0 0 -4.716554e-27
0 0 0 -3 -1 10 8.897445e-27 0 0 0 8.897445e-27 0 0 0 9.433108e-27
0 0 0 -1 -1 10 -1.334617e-26 0 0 0 -1.334617e-26 0 0 0 -1.414966e-26
0 0 0 1 -1 10 -1.334617e-26 0 0 0 -1.334617e-26 0 0 0 -1.414966e-26
0 0 0 3 -1 10 8.897445e-27 0 0 0 8.897445e-27 0 0 0 9.433108e-27
0 0 0 7 -1 10 -4.448723e-27 0 0 0 -4.448723e-27 0 0 0 -4.716554e-27
0 0 0 -8 0 10 4.448723e-27 0 0 0 4.448723e-27 0 0 0 4.716554e-27
0 0 0 -6 0 10 1.112181e-26 0 0 0 1.112181e-26 0 0 0 1.179138e-26
0 0 0 -4 0 10 4.448723e-27 0 0 0 4.448723e-27 0 0 0 4.716554e-27
0 0 0 -2 0 10 -8.701702e-24 0 0 0 -8.701702e-24 0 0 0 -8.700630e-24
0 0 0 0 0 10 4.448723e-26 0 0 0 4.448723e-26 0 0 0 4.716554e-26
0 0 0 2 0 10 -8.701702e-24 0 0 0 -8.701702e-24 0 0 0 -8.700630e-24
0 0 0 4 0 10 4.448723e-27 0 0 0 4.448723e-27 0 0 0 4.716554e-27
0 0 0 6 0 10 1.112181e-26 0 0 0 1.112181e-26 0 0 0 1.179138e-26
0 0 0 8 0 10 4.448723e-27 0 0 0 4.448723e-27 0 0 0 4.716554e-27
0 0 0 -7 1 10 -4.448723e-27 0 0 0 -4.448723e-27 0 0 0 -4.716554e-27
0 0 0 -3 1 10 8.897445e-27 0 0 0 8.897445e-27 0 0 0 9.433108e-27
0 0 0 -1 1 10 -1.334617e-26 0 0 0 -1.334617e-26 0 0 0 -1.414966e-26
0 0 0 1 1 10 -1.334617e-26 0 0 0 -1.334617e-26 0 0 0 -1.414966e-26
0 0 0 3 1 10 8.897445e-27 0 0 0 8.897445e-27 0 0 0 9.433108e-27
0 0 0 7 1 10 -4.448723e-27 0 0 0 -4.448723e-27 0 0 0 -4.716554e-27
0 0 0 -8 2 10 2.224361e-27 0 0 0 2.224361e-27 0 0 0 2.358277e-27
0 0 0 -6 2 10 4.448723e-27 0 0 0 4.448723e-27 0 0 0 4.716554e-27
0 0 0 -4 2 10 -6.673084e-27 0 0 0 -6.673084e-27 0 0 0 -7.074831e-27
0 0 0 0 2 10 -8.701702e-24 0 0 0 -8.701702e-24 0 0 0 -8.700630e-24
0 0 0 4 2 10 -6.673084e-27 0 0 0 -6.673084e-27 0 0 0 -7.074831e-27
0 0 0 6 2 10 4.448723e-27 0 0 0 4.448723e-27 0 0 0 4.716554e-27
0 0 0 8 2 10 2.224361e-27 0 0 0 2.224361e-27 0 0 0 2.358277e-27
0 0 0 -5 3 10 8.897445e-27 0 0 0 8.897445e-27 0 0 0 9.433108e-27
0 0 0 -3 3 10 2.224361e-26 0 0 0 2.224361e-26 0 0 0 2.358277e-26
0 0 0 -1 3 10 8.897445e-27 0 0 0 8.897445e-27 0 0 0 9.433108e-27
0 0 0 1 3 10 8.897445e-27 0 0 0 8.897445e-27 0 0 0 9.433108e-27
0 0 0 3 3 10 2.224361e-26 0 0 0 2.224361e-26 0 0 0 2.358277e-26
0 0 0 5 3 10 8.897445e-27 0 0 0 8.897445e-27 0 0 0 9.433108e-27
0 0 0 -4 4 10 -8.897445e-27 0 0 0 -8.897445e-27 0 0 0 -9.433108e-27
0 0 0 -2 4 10 -6.673084e-27 0 0 0 -6.673084e-27 0 0 0 -7.074831e-27
0 0 0 0 4 10 4.448723e-27 0 0 0 4.448723e-27 0 0 0 4.716554e-27
0 0 0 2 4 10 -6.673084e-27 0 0 0 -6.673084e-27 0 0 0 -7.074831e-27
0 0 0 4 4 10 -8.897445e-27 0 0 0 -8.897445e-27 0 0 0 -9.433108e-27
0 0 0 -5 5 10 4.448723e-27 0 0 0 4.448723e-27 0 0 0 4.716554e-27
0 0 0 -3 5 10 8.897445e-27 0 0 0 8.897445e-27 0 0 0 9.433108e-27
0 0 0 3 5 10 8.897445e-27 0 0 0 8.897445e-27 0 0 0 9.433108e-27
0 0 0 5 5 10 4.448723e-27 0 0 0 4.448723e-27 0 0 0 4.716554e-27
0 0 0 -2 6 10 4.448723e-27 0 0 0 4.448723e-27 0 0 0 4.716554e-27
0 0 0 0 6 10 1.112181e-26 0 0 0 1.112181e-26 0 0 0 1.179138e-26
0 0 0 2 6 10 4.448723e-27 0 0 0 4.448723e-27 0 0 0 4.716554e-27
0 0 0 -1 7 10 -4.448723e-27 0 0 0 -4.448723e-27 0 0 0 -4.716554e-27
0 0 0 1 7 10 -4.448723e-27 0 0 0 -4.448723e-27 0 0 0 -4.716554e-27
0 0 0 -2 8 10 2.224361e-27 0 0 0 2.224361e-27 0 0 0 2.358277e-27
0 0 0 0 8 10 4.448723e-27 0 0 0 4.448723e-27 0 0 0 4.716554e-27
0 0 0 2 8 10 2.224361e-27 0 0 0 2.224361e-27 0 0 0 2.358277e-27
